Wavelength (nm)	Transmittance
210	0.000357
211	0.0003524
212	0.000348
213	0.0003444
214	0.0003416
215	0.0003412
216	0.0003408
217	0.0003406
218	0.000339
219	0.000336
220	0.0003333
221	0.0003307
222	0.0003301
223	0.0003307
224	0.000331
225	0.0003311
226	0.0003289
227	0.000325
228	0.0003209
229	0.0003166
230	0.0003132
231	0.0003114
232	0.0003094
233	0.0003074
234	0.0003052
235	0.0003011
236	0.0002971
237	0.0002928
238	0.0002885
239	0.0002848
240	0.0002815
241	0.0002782
242	0.0002748
243	0.0002715
244	0.0002678
245	0.0002642
246	0.00026
247	0.0002553
248	0.0002505
249	0.0002431
250	0.000236
251	0.0002291
252	0.0002225
253	0.0002161
254	0.0002119
255	0.0002079
256	0.0002045
257	0.000202
258	0.0001995
259	0.0001981
260	0.0001971
261	0.0001962
262	0.0001958
263	0.0001954
264	0.0001948
265	0.0001937
266	0.0001926
267	0.0001917
268	0.000191
269	0.0001904
270	0.0001902
271	0.0001907
272	0.0001911
273	0.0001917
274	0.0001926
275	0.0001935
276	0.0001943
277	0.000195
278	0.0001957
279	0.0001966
280	0.0001979
281	0.0001991
282	0.0002006
283	0.000203
284	0.0002054
285	0.0002079
286	0.0002109
287	0.0002139
288	0.000217
289	0.0002199
290	0.0002228
291	0.0002257
292	0.0002288
293	0.0002324
294	0.0002361
295	0.0002398
296	0.0002448
297	0.0002503
298	0.0002559
299	0.0002617
300	0.0002684
301	0.0002752
302	0.0002822
303	0.0002895
304	0.0002971
305	0.000305
306	0.0003129
307	0.0003217
308	0.0003308
309	0.00034
310	0.0003495
311	0.0003598
312	0.0003704
313	0.0003811
314	0.0003923
315	0.0004048
316	0.0004177
317	0.0004309
318	0.0004446
319	0.0004612
320	0.0004783
321	0.0004959
322	0.000514
323	0.0005331
324	0.0005528
325	0.0005731
326	0.0005941
327	0.0006141
328	0.0006341
329	0.0006547
330	0.0006757
331	0.000697
332	0.0007182
333	0.0007399
334	0.0007622
335	0.000785
336	0.0008083
337	0.0008322
338	0.0008566
339	0.0008816
340	0.0009066
341	0.0009307
342	0.0009554
343	0.0009805
344	0.0010062
345	0.0010297
346	0.0010518
347	0.0010743
348	0.0010972
349	0.0011204
350	0.0011417
351	0.0011625
352	0.0011836
353	0.001205
354	0.0012266
355	0.0012473
356	0.001268
357	0.0012888
358	0.0013099
359	0.0013312
360	0.0013498
361	0.0013668
362	0.0013838
363	0.001401
364	0.0014183
365	0.0014322
366	0.001439
367	0.0014458
368	0.0014527
369	0.0014595
370	0.0014663
371	0.001472
372	0.0014774
373	0.0014829
374	0.0014883
375	0.0014938
376	0.0015011
377	0.0015131
378	0.0015252
379	0.0015373
380	0.0015494
381	0.0015616
382	0.0015753
383	0.0015907
384	0.0016062
385	0.0016217
386	0.0016373
387	0.001653
388	0.0016695
389	0.0016869
390	0.0017044
391	0.001722
392	0.0017397
393	0.0017574
394	0.0017767
395	0.0017982
396	0.0018199
397	0.0018418
398	0.0018638
399	0.001886
400	0.0019086
401	0.0019364
402	0.0019644
403	0.0019928
404	0.0020214
405	0.0020503
406	0.0020795
407	0.0021113
408	0.0021459
409	0.002181
410	0.0022164
411	0.0022523
412	0.0022885
413	0.0023252
414	0.0023659
415	0.0024086
416	0.0024518
417	0.0024956
418	0.0025399
419	0.0025849
420	0.0026304
421	0.0026807
422	0.0027334
423	0.0027869
424	0.0028413
425	0.0028964
426	0.0029524
427	0.0030092
428	0.0030696
429	0.0031344
430	0.0032003
431	0.0032673
432	0.0033353
433	0.0034045
434	0.0034749
435	0.0035463
436	0.0036279
437	0.0037113
438	0.0037963
439	0.0038829
440	0.0039712
441	0.0040611
442	0.0041526
443	0.0042493
444	0.0043617
445	0.0044767
446	0.0045944
447	0.0047147
448	0.0048377
449	0.0049635
450	0.0050921
451	0.0052244
452	0.0053647
453	0.0055084
454	0.0056555
455	0.0058061
456	0.0059601
457	0.0061178
458	0.0062791
459	0.0064442
460	0.006614
461	0.006788
462	0.006966
463	0.0071481
464	0.0073345
465	0.0075251
466	0.0077202
467	0.0079197
468	0.0081205
469	0.0083035
470	0.0084903
471	0.0086809
472	0.0088754
473	0.0090739
474	0.0092765
475	0.0094833
476	0.0096944
477	0.0099055
478	0.0100919
479	0.010282
480	0.0104759
481	0.0106738
482	0.0108757
483	0.0110817
484	0.011292
485	0.0115066
486	0.0117257
487	0.0118482
488	0.0119441
489	0.0120417
490	0.0121409
491	0.0122418
492	0.0123445
493	0.0124488
494	0.0125549
495	0.0126628
496	0.012757
497	0.0126098
498	0.012465
499	0.0123226
500	0.0121823
501	0.0120442
502	0.0119082
503	0.0117742
504	0.0116422
505	0.0115119
506	0.0113835
507	0.0111289
508	0.010872
509	0.010621
510	0.0103758
511	0.0101361
512	0.0099017
513	0.0096727
514	0.0094487
515	0.0092297
516	0.0090155
517	0.0087671
518	0.0084686
519	0.0081801
520	0.0079011
521	0.0076314
522	0.0073706
523	0.0071186
524	0.006875
525	0.0066395
526	0.0064118
527	0.0061919
528	0.0059761
529	0.0057632
530	0.0055579
531	0.0053599
532	0.0051691
533	0.004985
534	0.0048075
535	0.0046364
536	0.0044714
537	0.0043123
538	0.004159
539	0.0040111
540	0.0038895
541	0.0037732
542	0.0036605
543	0.0035514
544	0.0034457
545	0.0033432
546	0.003244
547	0.0031478
548	0.0030546
549	0.0029643
550	0.0028769
551	0.0027921
552	0.0027362
553	0.0026829
554	0.0026307
555	0.0025796
556	0.0025296
557	0.0024807
558	0.0024328
559	0.0023859
560	0.00234
561	0.0022951
562	0.0022511
563	0.0022081
564	0.0021842
565	0.0021847
566	0.0021852
567	0.0021857
568	0.0021862
569	0.0021866
570	0.0021871
571	0.0021875
572	0.0021879
573	0.0021882
574	0.0021886
575	0.0021889
576	0.0021892
577	0.0021939
578	0.0022081
579	0.0022223
580	0.0022366
581	0.0022509
582	0.0022652
583	0.0022795
584	0.0022939
585	0.0023084
586	0.0023228
587	0.0023373
588	0.0023519
589	0.0023664
590	0.002381
591	0.0023917
592	0.0023995
593	0.0024073
594	0.0024151
595	0.0024229
596	0.0024306
597	0.0024384
598	0.0024461
599	0.0024539
600	0.0024616
601	0.0024693
602	0.002477
603	0.0024847
604	0.0024923
605	0.0025001
606	0.0025082
607	0.0025162
608	0.0025243
609	0.0025324
610	0.0025404
611	0.0025485
612	0.0025565
613	0.0025645
614	0.0025725
615	0.0025805
616	0.0025885
617	0.0025964
618	0.0026044
619	0.0026123
620	0.0026213
621	0.0026445
622	0.0026679
623	0.0026914
624	0.002715
625	0.0027387
626	0.0027626
627	0.0027866
628	0.0028107
629	0.002835
630	0.0028594
631	0.002884
632	0.0029086
633	0.0029334
634	0.0029584
635	0.0029834
636	0.003003
637	0.0029972
638	0.0029914
639	0.0029857
640	0.0029799
641	0.0029741
642	0.0029684
643	0.0029627
644	0.0029569
645	0.0029512
646	0.0029455
647	0.0029398
648	0.0029341
649	0.0029285
650	0.0029228
651	0.0029171
652	0.0029115
653	0.0028682
654	0.002781
655	0.0026966
656	0.0026151
657	0.0025362
658	0.0024599
659	0.0023861
660	0.0023148
661	0.0022457
662	0.0021789
663	0.0021143
664	0.0020518
665	0.0019912
666	0.0019327
667	0.001876
668	0.0018211
669	0.001768
670	0.0017165
671	0.0016595
672	0.001603
673	0.0015485
674	0.0014961
675	0.0014455
676	0.0013968
677	0.0013499
678	0.0013047
679	0.0012612
680	0.0012192
681	0.0011787
682	0.0011397
683	0.0011021
684	0.0010658
685	0.0010308
686	0.0009971
687	0.0009646
688	0.0009332
689	0.0009046
690	0.0008841
691	0.0008641
692	0.0008446
693	0.0008256
694	0.000807
695	0.0007889
696	0.0007713
697	0.0007541
698	0.0007374
699	0.0007211
700	0.0007051
701	0.0006896
702	0.0006744
703	0.0006596
704	0.0006452
705	0.0006312
706	0.0006174
707	0.0006041
708	0.000591
709	0.0005793
710	0.000569
711	0.0005588
712	0.0005488
713	0.0005391
714	0.0005295
715	0.0005202
716	0.000511
717	0.000502
718	0.0004932
719	0.0004846
720	0.0004761
721	0.0004678
722	0.0004597
723	0.0004517
724	0.0004439
725	0.0004363
726	0.0004288
727	0.0004214
728	0.0004142
729	0.0004072
730	0.0004011
731	0.0003955
732	0.00039
733	0.0003846
734	0.0003793
735	0.0003741
736	0.0003689
737	0.0003639
738	0.0003589
739	0.000354
740	0.0003492
741	0.0003444
742	0.0003398
743	0.0003352
744	0.0003307
745	0.0003262
746	0.0003218
747	0.0003175
748	0.0003133
749	0.0003091
750	0.000305
751	0.000301
752	0.0002973
753	0.0002938
754	0.0002905
755	0.0002871
756	0.0002838
757	0.0002806
758	0.0002774
759	0.0002742
760	0.0002711
761	0.000268
762	0.000265
763	0.000262
764	0.0002591
765	0.0002561
766	0.0002533
767	0.0002504
768	0.0002477
769	0.0002449
770	0.0002422
771	0.0002395
772	0.0002369
773	0.0002342
774	0.0002317
775	0.0002291
776	0.0002266
777	0.0002241
778	0.0002217
779	0.0002193
780	0.0002169
781	0.0002146
782	0.0002123
783	0.00021
784	0.0002077
785	0.0002055
786	0.0002033
787	0.0002011
788	0.000199
789	0.0001969
790	0.0001948
791	0.0001927
792	0.0001907
793	0.0001887
794	0.0001867
795	0.0001847
796	0.0001828
797	0.0001809
798	0.000179
799	0.0001772
800	0.0001753
801	0.0001738
802	0.0001722
803	0.0001707
804	0.0001692
805	0.0001677
806	0.0001662
807	0.0001647
808	0.0001633
809	0.0001618
810	0.0001604
811	0.000159
812	0.0001576
813	0.0001562
814	0.0001548
815	0.0001535
816	0.0001522
817	0.0001509
818	0.0001495
819	0.0001483
820	0.000147
821	0.0001457
822	0.0001445
823	0.0001432
824	0.000142
825	0.0001408
826	0.0001396
827	0.0001386
828	0.0001378
829	0.000137
830	0.0001362
831	0.0001354
832	0.0001346
833	0.0001338
834	0.000133
835	0.0001323
836	0.0001315
837	0.0001308
838	0.00013
839	0.0001293
840	0.0001285
841	0.0001278
842	0.0001271
843	0.0001264
844	0.0001256
845	0.0001249
846	0.0001242
847	0.0001235
848	0.0001228
849	0.0001221
850	0.0001215
851	0.0001208
852	0.0001201
853	0.0001194
854	0.0001188
855	0.0001181
856	0.0001175
857	0.0001169
858	0.0001164
859	0.0001158
860	0.0001152
861	0.0001146
862	0.0001141
863	0.0001135
864	0.000113
865	0.0001124
866	0.0001119
867	0.0001113
868	0.0001108
869	0.0001102
870	0.0001097
871	0.0001092
872	0.0001086
873	0.0001081
874	0.0001076
875	0.0001071
876	0.0001066
877	0.0001061
878	0.0001055
879	0.000105
880	0.0001045
881	0.000104
882	0.0001035
883	0.0001031
884	0.0001026
885	0.0001021
886	0.0001016
887	0.000101
888	0.0001004
889	9.98e-05
890	9.92e-05
891	9.87e-05
892	9.81e-05
893	9.75e-05
894	9.7e-05
895	9.64e-05
896	9.59e-05
897	9.53e-05
898	9.48e-05
899	9.42e-05
900	9.37e-05
901	9.32e-05
902	9.26e-05
903	9.21e-05
904	9.16e-05
905	9.11e-05
906	9.06e-05
907	9.01e-05
908	8.96e-05
909	8.9e-05
910	8.86e-05
911	8.81e-05
912	8.76e-05
913	8.71e-05
914	8.66e-05
915	8.61e-05
916	8.56e-05
917	8.52e-05
918	8.47e-05
919	8.43e-05
920	8.38e-05
921	8.34e-05
922	8.3e-05
923	8.26e-05
924	8.21e-05
925	8.17e-05
926	8.13e-05
927	8.09e-05
928	8.05e-05
929	8.01e-05
930	7.97e-05
931	7.93e-05
932	7.89e-05
933	7.85e-05
934	7.81e-05
935	7.77e-05
936	7.73e-05
937	7.7e-05
938	7.66e-05
939	7.62e-05
940	7.58e-05
941	7.55e-05
942	7.51e-05
943	7.47e-05
944	7.44e-05
945	7.4e-05
946	7.36e-05
947	7.33e-05
948	7.29e-05
949	7.26e-05
950	7.22e-05
951	7.19e-05
952	7.15e-05
953	7.12e-05
954	7.09e-05
955	7.06e-05
956	7.04e-05
957	7.02e-05
958	7e-05
959	6.98e-05
960	6.96e-05
961	6.94e-05
962	6.92e-05
963	6.9e-05
964	6.88e-05
965	6.86e-05
966	6.84e-05
967	6.82e-05
968	6.8e-05
969	6.78e-05
970	6.76e-05
971	6.74e-05
972	6.72e-05
973	6.7e-05
974	6.68e-05
975	6.66e-05
976	6.64e-05
977	6.62e-05
978	6.6e-05
979	6.58e-05
980	6.56e-05
981	6.54e-05
982	6.52e-05
983	6.5e-05
984	6.48e-05
985	6.47e-05
986	6.45e-05
987	6.43e-05
988	6.41e-05
989	6.39e-05
990	6.37e-05
991	6.35e-05
992	6.34e-05
993	6.31e-05
994	6.29e-05
995	6.27e-05
996	6.25e-05
997	6.23e-05
998	6.21e-05
999	6.19e-05
1000	6.17e-05
1001	6.15e-05
1002	6.13e-05
1003	6.11e-05
1004	6.09e-05
1005	6.08e-05
1006	6.06e-05
1007	6.04e-05
1008	6.02e-05
1009	6e-05
1010	5.98e-05
1011	5.96e-05
1012	5.94e-05
1013	5.92e-05
1014	5.9e-05
1015	5.89e-05
1016	5.87e-05
1017	5.85e-05
1018	5.83e-05
1019	5.81e-05
1020	5.79e-05
1021	5.78e-05
1022	5.76e-05
1023	5.74e-05
1024	5.72e-05
1025	5.7e-05
1026	5.69e-05
1027	5.67e-05
1028	5.65e-05
1029	5.63e-05
1030	5.62e-05
1031	5.6e-05
1032	5.58e-05
1033	5.56e-05
1034	5.54e-05
1035	5.51e-05
1036	5.48e-05
1037	5.45e-05
1038	5.42e-05
1039	5.39e-05
1040	5.36e-05
1041	5.33e-05
1042	5.3e-05
1043	5.28e-05
1044	5.25e-05
1045	5.22e-05
1046	5.19e-05
1047	5.17e-05
1048	5.14e-05
1049	5.11e-05
1050	5.08e-05
1051	5.06e-05
1052	5.03e-05
1053	5.01e-05
1054	4.98e-05
1055	4.95e-05
1056	4.93e-05
1057	4.9e-05
1058	4.88e-05
1059	4.85e-05
1060	4.83e-05
1061	4.8e-05
1062	4.78e-05
1063	4.75e-05
1064	4.73e-05
1065	4.7e-05
1066	4.68e-05
1067	4.65e-05
1068	4.63e-05
1069	4.61e-05
1070	4.58e-05
1071	4.56e-05
1072	4.54e-05
1073	4.51e-05
1074	4.49e-05
1075	4.47e-05
1076	4.45e-05
1077	4.42e-05
1078	4.4e-05
1079	4.38e-05
1080	4.36e-05
1081	4.34e-05
1082	4.32e-05
1083	4.3e-05
1084	4.28e-05
1085	4.26e-05
1086	4.24e-05
1087	4.22e-05
1088	4.2e-05
1089	4.18e-05
1090	4.16e-05
1091	4.14e-05
1092	4.12e-05
1093	4.1e-05
1094	4.08e-05
1095	4.06e-05
1096	4.04e-05
1097	4.02e-05
1098	4e-05
1099	3.98e-05
1100	3.97e-05
1101	3.95e-05
1102	3.93e-05
1103	3.91e-05
1104	3.89e-05
1105	3.88e-05
1106	3.86e-05
1107	3.84e-05
1108	3.82e-05
1109	3.8e-05
1110	3.79e-05
1111	3.77e-05
1112	3.75e-05
1113	3.74e-05
1114	3.72e-05
1115	3.7e-05
1116	3.68e-05
1117	3.67e-05
1118	3.65e-05
1119	3.63e-05
1120	3.62e-05
1121	3.6e-05
1122	3.59e-05
1123	3.57e-05
1124	3.55e-05
1125	3.54e-05
1126	3.52e-05
1127	3.51e-05
1128	3.49e-05
1129	3.48e-05
1130	3.46e-05
1131	3.45e-05
1132	3.43e-05
1133	3.42e-05
1134	3.41e-05
1135	3.39e-05
1136	3.38e-05
1137	3.36e-05
1138	3.35e-05
1139	3.34e-05
1140	3.32e-05
1141	3.31e-05
1142	3.3e-05
1143	3.28e-05
1144	3.27e-05
1145	3.26e-05
1146	3.24e-05
1147	3.23e-05
1148	3.22e-05
1149	3.2e-05
1150	3.19e-05
1151	3.18e-05
1152	3.17e-05
1153	3.15e-05
1154	3.14e-05
1155	3.13e-05
1156	3.12e-05
1157	3.1e-05
1158	3.09e-05
1159	3.08e-05
1160	3.07e-05
1161	3.05e-05
1162	3.04e-05
1163	3.03e-05
1164	3.02e-05
1165	3.01e-05
1166	3e-05
1167	2.98e-05
1168	2.97e-05
1169	2.96e-05
1170	2.95e-05
1171	2.94e-05
1172	2.93e-05
1173	2.91e-05
1174	2.9e-05
1175	2.89e-05
1176	2.88e-05
1177	2.87e-05
1178	2.86e-05
1179	2.85e-05
1180	2.84e-05
1181	2.83e-05
1182	2.83e-05
1183	2.82e-05
1184	2.82e-05
1185	2.82e-05
1186	2.82e-05
1187	2.82e-05
1188	2.82e-05
1189	2.82e-05
1190	2.82e-05
1191	2.81e-05
1192	2.81e-05
1193	2.81e-05
1194	2.81e-05
1195	2.81e-05
1196	2.81e-05
1197	2.81e-05
1198	2.8e-05
1199	2.8e-05
1200	2.8e-05
1201	2.8e-05
1202	2.8e-05
1203	2.8e-05
1204	2.8e-05
1205	2.79e-05
1206	2.79e-05
1207	2.79e-05
1208	2.79e-05
1209	2.79e-05
1210	2.79e-05
1211	2.79e-05
1212	2.79e-05
1213	2.78e-05
1214	2.78e-05
1215	2.78e-05
1216	2.78e-05
1217	2.78e-05
1218	2.78e-05
1219	2.78e-05
1220	2.77e-05
1221	2.77e-05
1222	2.77e-05
1223	2.77e-05
1224	2.77e-05
1225	2.77e-05
1226	2.77e-05
1227	2.77e-05
1228	2.76e-05
1229	2.76e-05
1230	2.76e-05
1231	2.76e-05
1232	2.76e-05
1233	2.76e-05
1234	2.76e-05
1235	2.75e-05
1236	2.75e-05
1237	2.75e-05
1238	2.75e-05
1239	2.75e-05
1240	2.75e-05
1241	2.77e-05
1242	2.79e-05
1243	2.81e-05
1244	2.83e-05
1245	2.85e-05
1246	2.87e-05
1247	2.9e-05
1248	2.92e-05
1249	2.94e-05
1250	2.96e-05
1251	2.98e-05
1252	3e-05
1253	3.02e-05
1254	3.05e-05
1255	3.07e-05
1256	3.09e-05
1257	3.11e-05
1258	3.13e-05
1259	3.16e-05
1260	3.18e-05
1261	3.2e-05
1262	3.23e-05
1263	3.25e-05
1264	3.27e-05
1265	3.29e-05
1266	3.32e-05
1267	3.34e-05
1268	3.37e-05
1269	3.39e-05
1270	3.41e-05
1271	3.44e-05
1272	3.46e-05
1273	3.49e-05
1274	3.51e-05
1275	3.53e-05
1276	3.56e-05
1277	3.58e-05
1278	3.61e-05
1279	3.63e-05
1280	3.66e-05
1281	3.68e-05
1282	3.71e-05
1283	3.74e-05
1284	3.76e-05
1285	3.79e-05
1286	3.81e-05
1287	3.84e-05
1288	3.87e-05
1289	3.89e-05
1290	3.92e-05
1291	3.95e-05
1292	3.97e-05
1293	4e-05
1294	4.03e-05
1295	4.05e-05
1296	4.08e-05
1297	4.11e-05
1298	4.14e-05
1299	4.16e-05
1300	4.19e-05
1301	4.22e-05
1302	4.25e-05
1303	4.28e-05
1304	4.31e-05
1305	4.34e-05
1306	4.36e-05
1307	4.39e-05
1308	4.42e-05
1309	4.44e-05
1310	4.47e-05
1311	4.5e-05
1312	4.53e-05
1313	4.56e-05
1314	4.58e-05
1315	4.61e-05
1316	4.64e-05
1317	4.67e-05
1318	4.7e-05
1319	4.73e-05
1320	4.75e-05
1321	4.78e-05
1322	4.81e-05
1323	4.84e-05
1324	4.87e-05
1325	4.9e-05
1326	4.93e-05
1327	4.96e-05
1328	4.99e-05
1329	5.02e-05
1330	5.05e-05
1331	5.08e-05
1332	5.11e-05
1333	5.14e-05
1334	5.17e-05
1335	5.2e-05
1336	5.23e-05
1337	5.27e-05
1338	5.3e-05
1339	5.33e-05
1340	5.36e-05
1341	5.39e-05
1342	5.42e-05
1343	5.45e-05
1344	5.49e-05
1345	5.52e-05
1346	5.55e-05
1347	5.58e-05
1348	5.62e-05
1349	5.65e-05
1350	5.68e-05
1351	5.72e-05
1352	5.75e-05
1353	5.78e-05
1354	5.82e-05
1355	5.85e-05
1356	5.88e-05
1357	5.92e-05
1358	5.95e-05
1359	5.99e-05
1360	6.02e-05
1361	6.05e-05
1362	6.09e-05
1363	6.12e-05
1364	6.16e-05
1365	6.19e-05
1366	6.23e-05
1367	6.26e-05
1368	6.3e-05
1369	6.34e-05
1370	6.37e-05
1371	6.41e-05
1372	6.44e-05
1373	6.48e-05
1374	6.52e-05
1375	6.55e-05
1376	6.59e-05
1377	6.63e-05
1378	6.65e-05
1379	6.65e-05
1380	6.65e-05
1381	6.64e-05
1382	6.64e-05
1383	6.64e-05
1384	6.64e-05
1385	6.64e-05
1386	6.63e-05
1387	6.63e-05
1388	6.63e-05
1389	6.63e-05
1390	6.63e-05
1391	6.63e-05
1392	6.62e-05
1393	6.62e-05
1394	6.62e-05
1395	6.62e-05
1396	6.62e-05
1397	6.61e-05
1398	6.61e-05
1399	6.61e-05
1400	6.61e-05
1401	6.61e-05
1402	6.61e-05
1403	6.6e-05
1404	6.6e-05
1405	6.6e-05
1406	6.6e-05
1407	6.6e-05
1408	6.59e-05
1409	6.59e-05
1410	6.59e-05
1411	6.59e-05
1412	6.59e-05
1413	6.59e-05
1414	6.58e-05
1415	6.58e-05
1416	6.58e-05
1417	6.58e-05
1418	6.58e-05
1419	6.57e-05
1420	6.57e-05
1421	6.57e-05
1422	6.57e-05
1423	6.57e-05
1424	6.56e-05
1425	6.56e-05
1426	6.56e-05
1427	6.56e-05
1428	6.56e-05
1429	6.56e-05
1430	6.55e-05
1431	6.55e-05
1432	6.55e-05
1433	6.55e-05
1434	6.55e-05
1435	6.54e-05
1436	6.54e-05
1437	6.54e-05
1438	6.54e-05
1439	6.54e-05
1440	6.53e-05
1441	6.53e-05
1442	6.53e-05
1443	6.53e-05
1444	6.53e-05
1445	6.52e-05
1446	6.52e-05
1447	6.52e-05
1448	6.52e-05
1449	6.52e-05
1450	6.51e-05
1451	6.51e-05
1452	6.51e-05
1453	6.51e-05
1454	6.51e-05
1455	6.5e-05
1456	6.5e-05
1457	6.5e-05
1458	6.5e-05
1459	6.49e-05
1460	6.48e-05
1461	6.47e-05
1462	6.46e-05
1463	6.45e-05
1464	6.44e-05
1465	6.43e-05
1466	6.42e-05
1467	6.41e-05
1468	6.39e-05
1469	6.38e-05
1470	6.37e-05
1471	6.36e-05
1472	6.35e-05
1473	6.34e-05
1474	6.33e-05
1475	6.32e-05
1476	6.31e-05
1477	6.3e-05
1478	6.29e-05
1479	6.28e-05
1480	6.27e-05
1481	6.26e-05
1482	6.24e-05
1483	6.23e-05
1484	6.22e-05
1485	6.21e-05
1486	6.2e-05
1487	6.19e-05
1488	6.18e-05
1489	6.17e-05
1490	6.16e-05
1491	6.15e-05
1492	6.14e-05
1493	6.13e-05
1494	6.12e-05
1495	6.11e-05
1496	6.1e-05
1497	6.09e-05
1498	6.08e-05
1499	6.07e-05
1500	6.06e-05
1501	6.05e-05
1502	6.04e-05
1503	6.03e-05
1504	6.02e-05
1505	6.01e-05
1506	6e-05
1507	5.99e-05
1508	5.98e-05
1509	5.97e-05
1510	5.96e-05
1511	5.95e-05
1512	5.94e-05
1513	5.93e-05
1514	5.92e-05
1515	5.91e-05
1516	5.9e-05
1517	5.89e-05
1518	5.88e-05
1519	5.87e-05
1520	5.86e-05
1521	5.85e-05
1522	5.85e-05
1523	5.84e-05
1524	5.83e-05
1525	5.82e-05
1526	5.81e-05
1527	5.8e-05
1528	5.79e-05
1529	5.78e-05
1530	5.77e-05
1531	5.76e-05
1532	5.75e-05
1533	5.74e-05
1534	5.73e-05
1535	5.72e-05
1536	5.71e-05
1537	5.71e-05
1538	5.7e-05
1539	5.69e-05
1540	5.68e-05
1541	5.67e-05
1542	5.66e-05
1543	5.65e-05
1544	5.64e-05
1545	5.63e-05
1546	5.62e-05
1547	5.61e-05
1548	5.61e-05
1549	5.6e-05
1550	5.59e-05
1551	5.58e-05
1552	5.58e-05
1553	5.57e-05
1554	5.56e-05
1555	5.56e-05
1556	5.55e-05
1557	5.54e-05
1558	5.54e-05
1559	5.53e-05
1560	5.52e-05
1561	5.52e-05
1562	5.51e-05
1563	5.5e-05
1564	5.5e-05
1565	5.49e-05
1566	5.48e-05
1567	5.48e-05
1568	5.47e-05
1569	5.46e-05
1570	5.46e-05
1571	5.45e-05
1572	5.44e-05
1573	5.44e-05
1574	5.43e-05
1575	5.42e-05
1576	5.42e-05
1577	5.41e-05
1578	5.41e-05
1579	5.4e-05
1580	5.39e-05
1581	5.39e-05
1582	5.38e-05
1583	5.37e-05
1584	5.37e-05
1585	5.36e-05
1586	5.35e-05
1587	5.35e-05
1588	5.34e-05
1589	5.34e-05
1590	5.33e-05
1591	5.32e-05
1592	5.32e-05
1593	5.31e-05
1594	5.3e-05
1595	5.3e-05
1596	5.29e-05
1597	5.29e-05
1598	5.28e-05
1599	5.27e-05
1600	5.27e-05
1601	5.26e-05
1602	5.26e-05
1603	5.25e-05
1604	5.24e-05
1605	5.24e-05
1606	5.23e-05
1607	5.23e-05
1608	5.22e-05
1609	5.21e-05
1610	5.21e-05
1611	5.2e-05
1612	5.2e-05
1613	5.19e-05
1614	5.18e-05
1615	5.18e-05
1616	5.17e-05
1617	5.17e-05
1618	5.16e-05
1619	5.15e-05
1620	5.15e-05
1621	5.14e-05
1622	5.14e-05
1623	5.13e-05
1624	5.12e-05
1625	5.12e-05
1626	5.11e-05
1627	5.11e-05
1628	5.1e-05
1629	5.09e-05
1630	5.09e-05
1631	5.08e-05
1632	5.08e-05
1633	5.07e-05
1634	5.07e-05
1635	5.06e-05
1636	5.05e-05
1637	5.05e-05
1638	5.04e-05
1639	5.04e-05
1640	5.03e-05
1641	5.03e-05
1642	5.02e-05
1643	5.01e-05
1644	5.01e-05
1645	5e-05
1646	5e-05
1647	4.99e-05
1648	4.99e-05
1649	4.98e-05
1650	4.97e-05
1651	4.97e-05
1652	4.96e-05
1653	4.96e-05
1654	4.95e-05
1655	4.95e-05
1656	4.94e-05
1657	4.93e-05
1658	4.93e-05
1659	4.92e-05
1660	4.92e-05
1661	4.91e-05
1662	4.91e-05
1663	4.9e-05
1664	4.9e-05
1665	4.89e-05
1666	4.88e-05
1667	4.88e-05
1668	4.87e-05
1669	4.87e-05
1670	4.86e-05
1671	4.86e-05
1672	4.85e-05
1673	4.85e-05
1674	4.84e-05
1675	4.83e-05
1676	4.83e-05
1677	4.82e-05
1678	4.82e-05
1679	4.81e-05
1680	4.81e-05
1681	4.8e-05
1682	4.8e-05
1683	4.79e-05
1684	4.79e-05
1685	4.78e-05
1686	4.77e-05
1687	4.77e-05
1688	4.76e-05
1689	4.76e-05
1690	4.75e-05
1691	4.75e-05
1692	4.74e-05
1693	4.74e-05
1694	4.73e-05
1695	4.73e-05
1696	4.72e-05
1697	4.72e-05
1698	4.71e-05
1699	4.7e-05
1700	4.7e-05
1701	4.69e-05
1702	4.69e-05
1703	4.68e-05
1704	4.68e-05
1705	4.67e-05
1706	4.67e-05
1707	4.66e-05
1708	4.66e-05
1709	4.65e-05
1710	4.65e-05
1711	4.64e-05
1712	4.64e-05
1713	4.63e-05
1714	4.63e-05
1715	4.62e-05
1716	4.62e-05
1717	4.61e-05
1718	4.61e-05
1719	4.6e-05
1720	4.6e-05
1721	4.59e-05
1722	4.59e-05
1723	4.58e-05
1724	4.58e-05
1725	4.57e-05
1726	4.57e-05
1727	4.56e-05
1728	4.56e-05
1729	4.55e-05
1730	4.55e-05
1731	4.54e-05
1732	4.54e-05
1733	4.53e-05
1734	4.53e-05
1735	4.52e-05
1736	4.52e-05
1737	4.51e-05
1738	4.51e-05
1739	4.5e-05
1740	4.5e-05
1741	4.49e-05
1742	4.49e-05
1743	4.48e-05
1744	4.48e-05
1745	4.47e-05
1746	4.47e-05
1747	4.46e-05
1748	4.46e-05
1749	4.45e-05
1750	4.45e-05
1751	4.44e-05
1752	4.44e-05
1753	4.43e-05
1754	4.43e-05
1755	4.42e-05
1756	4.42e-05
1757	4.41e-05
1758	4.41e-05
1759	4.4e-05
1760	4.4e-05
1761	4.39e-05
1762	4.39e-05
1763	4.38e-05
1764	4.38e-05
1765	4.38e-05
1766	4.37e-05
1767	4.37e-05
1768	4.36e-05
1769	4.36e-05
1770	4.35e-05
1771	4.35e-05
1772	4.34e-05
1773	4.34e-05
1774	4.33e-05
1775	4.33e-05
1776	4.33e-05
1777	4.32e-05
1778	4.32e-05
1779	4.32e-05
1780	4.31e-05
1781	4.31e-05
1782	4.3e-05
1783	4.3e-05
1784	4.3e-05
1785	4.29e-05
1786	4.29e-05
1787	4.28e-05
1788	4.28e-05
1789	4.28e-05
1790	4.27e-05
1791	4.27e-05
1792	4.26e-05
1793	4.26e-05
1794	4.26e-05
1795	4.25e-05
1796	4.25e-05
1797	4.25e-05
1798	4.24e-05
1799	4.24e-05
1800	4.23e-05
1801	4.23e-05
1802	4.23e-05
1803	4.22e-05
1804	4.22e-05
1805	4.22e-05
1806	4.21e-05
1807	4.21e-05
1808	4.2e-05
1809	4.2e-05
1810	4.2e-05
1811	4.19e-05
1812	4.19e-05
1813	4.18e-05
1814	4.18e-05
1815	4.18e-05
1816	4.17e-05
1817	4.17e-05
1818	4.17e-05
1819	4.16e-05
1820	4.16e-05
1821	4.16e-05
1822	4.15e-05
1823	4.15e-05
1824	4.14e-05
1825	4.14e-05
1826	4.14e-05
1827	4.13e-05
1828	4.13e-05
1829	4.13e-05
1830	4.12e-05
1831	4.12e-05
1832	4.11e-05
1833	4.11e-05
1834	4.11e-05
1835	4.1e-05
1836	4.1e-05
1837	4.1e-05
1838	4.09e-05
1839	4.09e-05
1840	4.09e-05
1841	4.08e-05
1842	4.08e-05
1843	4.07e-05
1844	4.07e-05
1845	4.07e-05
1846	4.06e-05
1847	4.06e-05
1848	4.06e-05
1849	4.05e-05
1850	4.05e-05
1851	4.05e-05
1852	4.04e-05
1853	4.04e-05
1854	4.04e-05
1855	4.03e-05
1856	4.03e-05
1857	4.02e-05
1858	4.02e-05
1859	4.02e-05
1860	4.01e-05
1861	4.01e-05
1862	4.01e-05
1863	4e-05
1864	4e-05
1865	4e-05
1866	3.99e-05
1867	3.99e-05
1868	3.99e-05
1869	3.98e-05
1870	3.98e-05
1871	3.98e-05
1872	3.97e-05
1873	3.97e-05
1874	3.97e-05
1875	3.96e-05
1876	3.96e-05
1877	3.96e-05
1878	3.95e-05
1879	3.95e-05
1880	3.94e-05
1881	3.94e-05
1882	3.94e-05
1883	3.93e-05
1884	3.93e-05
1885	3.93e-05
1886	3.92e-05
1887	3.92e-05
1888	3.92e-05
1889	3.91e-05
1890	3.91e-05
1891	3.91e-05
1892	3.9e-05
1893	3.9e-05
1894	3.9e-05
1895	3.89e-05
1896	3.89e-05
1897	3.89e-05
1898	3.88e-05
1899	3.88e-05
1900	3.88e-05
1901	3.87e-05
1902	3.87e-05
1903	3.87e-05
1904	3.86e-05
1905	3.86e-05
1906	3.86e-05
1907	3.85e-05
1908	3.85e-05
1909	3.85e-05
1910	3.84e-05
1911	3.84e-05
1912	3.84e-05
1913	3.83e-05
1914	3.83e-05
1915	3.83e-05
1916	3.82e-05
1917	3.82e-05
1918	3.82e-05
1919	3.81e-05
1920	3.81e-05
1921	3.81e-05
1922	3.8e-05
1923	3.8e-05
1924	3.8e-05
1925	3.79e-05
1926	3.79e-05
1927	3.79e-05
1928	3.78e-05
1929	3.78e-05
1930	3.78e-05
1931	3.78e-05
1932	3.77e-05
1933	3.77e-05
1934	3.77e-05
1935	3.76e-05
1936	3.76e-05
1937	3.76e-05
1938	3.75e-05
1939	3.75e-05
1940	3.75e-05
1941	3.74e-05
1942	3.74e-05
1943	3.74e-05
1944	3.73e-05
1945	3.73e-05
1946	3.73e-05
1947	3.72e-05
1948	3.72e-05
1949	3.72e-05
1950	3.71e-05
1951	3.71e-05
1952	3.71e-05
1953	3.71e-05
1954	3.7e-05
1955	3.7e-05
1956	3.7e-05
1957	3.69e-05
1958	3.69e-05
1959	3.69e-05
1960	3.68e-05
1961	3.68e-05
1962	3.68e-05
1963	3.67e-05
1964	3.67e-05
1965	3.67e-05
1966	3.66e-05
1967	3.66e-05
1968	3.66e-05
1969	3.66e-05
1970	3.65e-05
1971	3.65e-05
1972	3.65e-05
1973	3.64e-05
1974	3.64e-05
1975	3.64e-05
1976	3.63e-05
1977	3.63e-05
1978	3.63e-05
1979	3.62e-05
1980	3.62e-05
1981	3.62e-05
1982	3.62e-05
1983	3.61e-05
1984	3.61e-05
1985	3.61e-05
1986	3.6e-05
1987	3.6e-05
1988	3.6e-05
1989	3.59e-05
1990	3.59e-05
1991	3.59e-05
1992	3.59e-05
1993	3.58e-05
1994	3.58e-05
1995	3.58e-05
1996	3.57e-05
1997	3.57e-05
1998	3.57e-05
1999	3.56e-05
2000	3.56e-05
2001	3.56e-05
2002	3.56e-05
2003	3.55e-05
2004	3.55e-05
2005	3.55e-05
2006	3.54e-05
2007	3.54e-05
2008	3.54e-05
2009	3.54e-05
2010	3.53e-05
2011	3.53e-05
2012	3.53e-05
2013	3.52e-05
2014	3.52e-05
2015	3.52e-05
2016	3.51e-05
2017	3.51e-05
2018	3.51e-05
2019	3.51e-05
2020	3.5e-05
2021	3.5e-05
2022	3.5e-05
2023	3.49e-05
2024	3.49e-05
2025	3.49e-05
2026	3.49e-05
2027	3.48e-05
2028	3.48e-05
2029	3.48e-05
2030	3.47e-05
2031	3.47e-05
2032	3.47e-05
2033	3.47e-05
2034	3.46e-05
2035	3.46e-05
2036	3.46e-05
2037	3.45e-05
2038	3.45e-05
2039	3.45e-05
2040	3.45e-05
2041	3.44e-05
2042	3.44e-05
2043	3.44e-05
2044	3.44e-05
2045	3.43e-05
2046	3.43e-05
2047	3.43e-05
2048	3.42e-05
2049	3.42e-05
2050	3.42e-05
2051	3.42e-05
2052	3.41e-05
2053	3.41e-05
2054	3.41e-05
2055	3.4e-05
2056	3.4e-05
2057	3.4e-05
2058	3.4e-05
2059	3.39e-05
2060	3.39e-05
2061	3.39e-05
2062	3.39e-05
2063	3.38e-05
2064	3.38e-05
2065	3.38e-05
2066	3.37e-05
2067	3.37e-05
2068	3.37e-05
2069	3.37e-05
2070	3.36e-05
2071	3.36e-05
2072	3.36e-05
2073	3.36e-05
2074	3.35e-05
2075	3.35e-05
2076	3.35e-05
2077	3.34e-05
2078	3.34e-05
2079	3.34e-05
2080	3.34e-05
2081	3.33e-05
2082	3.33e-05
2083	3.33e-05
2084	3.33e-05
2085	3.32e-05
2086	3.32e-05
2087	3.32e-05
2088	3.32e-05
2089	3.31e-05
2090	3.31e-05
2091	3.31e-05
2092	3.3e-05
2093	3.3e-05
2094	3.3e-05
2095	3.3e-05
2096	3.29e-05
2097	3.29e-05
2098	3.29e-05
2099	3.29e-05
2100	3.28e-05
2101	3.28e-05
2102	3.28e-05
2103	3.28e-05
2104	3.27e-05
2105	3.27e-05
2106	3.27e-05
2107	3.27e-05
2108	3.26e-05
2109	3.26e-05
2110	3.26e-05
2111	3.25e-05
2112	3.25e-05
2113	3.25e-05
2114	3.25e-05
2115	3.24e-05
2116	3.24e-05
2117	3.24e-05
2118	3.24e-05
2119	3.23e-05
2120	3.23e-05
2121	3.23e-05
2122	3.23e-05
2123	3.22e-05
2124	3.22e-05
2125	3.22e-05
2126	3.22e-05
2127	3.21e-05
2128	3.21e-05
2129	3.21e-05
2130	3.21e-05
2131	3.2e-05
2132	3.2e-05
2133	3.2e-05
2134	3.2e-05
2135	3.19e-05
2136	3.19e-05
2137	3.19e-05
2138	3.19e-05
2139	3.18e-05
2140	3.18e-05
2141	3.18e-05
2142	3.18e-05
2143	3.17e-05
2144	3.17e-05
2145	3.17e-05
2146	3.17e-05
2147	3.16e-05
2148	3.16e-05
2149	3.16e-05
2150	3.16e-05
2151	3.15e-05
2152	3.15e-05
2153	3.15e-05
2154	3.15e-05
2155	3.14e-05
2156	3.14e-05
2157	3.14e-05
2158	3.14e-05
2159	3.13e-05
2160	3.13e-05
2161	3.13e-05
2162	3.13e-05
2163	3.12e-05
2164	3.12e-05
2165	3.12e-05
2166	3.12e-05
2167	3.12e-05
2168	3.11e-05
2169	3.11e-05
2170	3.11e-05
2171	3.11e-05
2172	3.1e-05
2173	3.1e-05
2174	3.1e-05
2175	3.1e-05
2176	3.09e-05
2177	3.09e-05
2178	3.09e-05
2179	3.09e-05
2180	3.08e-05
2181	3.08e-05
2182	3.08e-05
2183	3.08e-05
2184	3.07e-05
2185	3.07e-05
2186	3.07e-05
2187	3.07e-05
2188	3.07e-05
2189	3.06e-05
2190	3.06e-05
2191	3.06e-05
2192	3.06e-05
2193	3.05e-05
2194	3.05e-05
2195	3.05e-05
2196	3.05e-05
2197	3.04e-05
2198	3.04e-05
2199	3.04e-05
2200	3.04e-05
2201	3.03e-05
2202	3.03e-05
2203	3.03e-05
2204	3.03e-05
2205	3.03e-05
2206	3.02e-05
2207	3.02e-05
2208	3.02e-05
2209	3.02e-05
2210	3.01e-05
2211	3.01e-05
2212	3.01e-05
2213	3.01e-05
2214	3e-05
2215	3e-05
2216	3e-05
2217	3e-05
2218	3e-05
2219	2.99e-05
2220	2.99e-05
2221	2.99e-05
2222	2.99e-05
2223	2.98e-05
2224	2.98e-05
2225	2.98e-05
2226	2.98e-05
2227	2.98e-05
2228	2.97e-05
2229	2.97e-05
2230	2.97e-05
2231	2.97e-05
2232	2.96e-05
2233	2.96e-05
2234	2.96e-05
2235	2.96e-05
2236	2.95e-05
2237	2.95e-05
2238	2.95e-05
2239	2.95e-05
2240	2.95e-05
2241	2.94e-05
2242	2.94e-05
2243	2.94e-05
2244	2.94e-05
2245	2.93e-05
2246	2.93e-05
2247	2.93e-05
2248	2.93e-05
2249	2.93e-05
2250	2.92e-05
2251	2.92e-05
2252	2.92e-05
2253	2.92e-05
2254	2.92e-05
2255	2.91e-05
2256	2.91e-05
2257	2.91e-05
2258	2.91e-05
2259	2.9e-05
2260	2.9e-05
2261	2.9e-05
2262	2.9e-05
2263	2.9e-05
2264	2.89e-05
2265	2.89e-05
2266	2.89e-05
2267	2.89e-05
2268	2.89e-05
2269	2.88e-05
2270	2.88e-05
2271	2.88e-05
2272	2.88e-05
2273	2.88e-05
2274	2.87e-05
2275	2.87e-05
2276	2.87e-05
2277	2.87e-05
2278	2.87e-05
2279	2.86e-05
2280	2.86e-05
2281	2.86e-05
2282	2.86e-05
2283	2.86e-05
2284	2.85e-05
2285	2.85e-05
2286	2.85e-05
2287	2.85e-05
2288	2.85e-05
2289	2.85e-05
2290	2.84e-05
2291	2.84e-05
2292	2.84e-05
2293	2.84e-05
2294	2.84e-05
2295	2.83e-05
2296	2.83e-05
2297	2.83e-05
2298	2.83e-05
2299	2.83e-05
2300	2.82e-05
2301	2.82e-05
2302	2.82e-05
2303	2.82e-05
2304	2.82e-05
2305	2.81e-05
2306	2.81e-05
2307	2.81e-05
2308	2.81e-05
2309	2.81e-05
2310	2.8e-05
2311	2.8e-05
2312	2.8e-05
2313	2.8e-05
2314	2.8e-05
2315	2.79e-05
2316	2.79e-05
2317	2.79e-05
2318	2.79e-05
2319	2.79e-05
2320	2.79e-05
2321	2.78e-05
2322	2.78e-05
2323	2.78e-05
2324	2.78e-05
2325	2.78e-05
2326	2.77e-05
2327	2.77e-05
2328	2.77e-05
2329	2.77e-05
2330	2.77e-05
2331	2.76e-05
2332	2.76e-05
2333	2.76e-05
2334	2.76e-05
2335	2.76e-05
2336	2.76e-05
2337	2.75e-05
2338	2.75e-05
2339	2.75e-05
2340	2.75e-05
2341	2.75e-05
2342	2.74e-05
2343	2.74e-05
2344	2.74e-05
2345	2.74e-05
2346	2.74e-05
2347	2.73e-05
2348	2.73e-05
2349	2.73e-05
2350	2.73e-05
2351	2.73e-05
2352	2.73e-05
2353	2.72e-05
2354	2.72e-05
2355	2.72e-05
2356	2.72e-05
2357	2.72e-05
2358	2.71e-05
2359	2.71e-05
2360	2.71e-05
2361	2.71e-05
2362	2.71e-05
2363	2.71e-05
2364	2.7e-05
2365	2.7e-05
2366	2.7e-05
2367	2.7e-05
2368	2.7e-05
2369	2.69e-05
2370	2.69e-05
2371	2.69e-05
2372	2.69e-05
2373	2.69e-05
2374	2.69e-05
2375	2.68e-05
2376	2.68e-05
2377	2.68e-05
2378	2.68e-05
2379	2.68e-05
2380	2.67e-05
2381	2.67e-05
2382	2.67e-05
2383	2.67e-05
2384	2.67e-05
2385	2.67e-05
2386	2.66e-05
2387	2.66e-05
2388	2.66e-05
2389	2.66e-05
2390	2.66e-05
2391	2.65e-05
2392	2.65e-05
2393	2.65e-05
2394	2.65e-05
2395	2.65e-05
2396	2.65e-05
2397	2.64e-05
2398	2.64e-05
2399	2.64e-05
2400	2.64e-05
