Wavelength (nm)	Transmittance
210	0.1613288
211	0.2517382
212	0.1449665
213	0.258593
214	0.1495722
215	0.2323284
216	0.1845996
217	0.1778476
218	0.2398222
219	0.1416714
220	0.2582257
221	0.1522527
222	0.2043351
223	0.2170716
224	0.1432965
225	0.2601895
226	0.1485169
227	0.195636
228	0.2275032
229	0.1346675
230	0.2495018
231	0.1686217
232	0.1552082
233	0.2572863
234	0.1378858
235	0.1900155
236	0.232785
237	0.1279918
238	0.2194142
239	0.2035743
240	0.1269062
241	0.2356987
242	0.1843224
243	0.1273125
244	0.2408951
245	0.1765341
246	0.1254531
247	0.2377858
248	0.179025
249	0.1204967
250	0.224325
251	0.191569
252	0.1149453
253	0.1977813
254	0.2151654
255	0.1142999
256	0.1613977
257	0.2401962
258	0.1249093
259	0.1272841
260	0.2398169
261	0.1560235
262	0.1077321
263	0.1924107
264	0.2108719
265	0.1094546
266	0.1305776
267	0.2359181
268	0.1451981
269	0.1010928
270	0.1731417
271	0.2176936
272	0.1119023
273	0.1085263
274	0.208503
275	0.1814335
276	0.0993897
277	0.1198843
278	0.2232789
279	0.1573419
280	0.0949134
281	0.1269293
282	0.225789
283	0.1481024
284	0.0930616
285	0.1256661
286	0.2236666
287	0.1516332
288	0.0928308
289	0.1165646
290	0.215375
291	0.1693499
292	0.0962889
293	0.1036733
294	0.1914001
295	0.2008001
296	0.1085603
297	0.0935521
298	0.1509675
299	0.2271432
300	0.1395608
301	0.0927855
302	0.1133221
303	0.2054452
304	0.1983504
305	0.1110534
306	0.0948385
307	0.1421057
308	0.2317401
309	0.1684321
310	0.1025977
311	0.102259
312	0.1659555
313	0.237962
314	0.1565162
315	0.1023898
316	0.1081602
317	0.1764794
318	0.2432791
319	0.1615159
320	0.1072714
321	0.1107092
322	0.1730942
323	0.2523091
324	0.1841101
325	0.1183919
326	0.1112435
327	0.1572905
328	0.2496278
329	0.2246423
330	0.1405314
331	0.1139729
332	0.1365769
333	0.2169214
334	0.2679547
335	0.1859084
336	0.1282782
337	0.1233843
338	0.167632
339	0.2588115
340	0.2589165
341	0.1710347
342	0.1291791
343	0.1347567
344	0.1898209
345	0.2782896
346	0.2580616
347	0.1724605
348	0.134187
349	0.1407598
350	0.1944397
351	0.2822584
352	0.2730306
353	0.1871833
354	0.1421013
355	0.1410566
356	0.1828595
357	0.26823
358	0.2986196
359	0.2198367
360	0.1578325
361	0.1411104
362	0.1630951
363	0.2301007
364	0.3064361
365	0.2740771
366	0.1921789
367	0.1499661
368	0.1470269
369	0.181528
370	0.257848
371	0.3145007
372	0.259693
373	0.1842462
374	0.1493155
375	0.150118
376	0.1864548
377	0.2620379
378	0.3182434
379	0.2680308
380	0.192549
381	0.1543028
382	0.1504583
383	0.1790709
384	0.2455459
385	0.3171922
386	0.2978182
387	0.2200872
388	0.1682899
389	0.1517262
390	0.1649464
391	0.211627
392	0.2887082
393	0.3288658
394	0.2734401
395	0.2020734
396	0.1637577
397	0.1562459
398	0.1767437
399	0.2298827
400	0.3059518
401	0.3331475
402	0.2735999
403	0.205651
404	0.1689823
405	0.1611808
406	0.179631
407	0.2283525
408	0.3022315
409	0.3440615
410	0.2999626
411	0.2292972
412	0.1840099
413	0.1675017
414	0.1758532
415	0.2107571
416	0.2745396
417	0.3412822
418	0.3428162
419	0.2791592
420	0.2174952
421	0.1835519
422	0.1751304
423	0.1899737
424	0.2306899
425	0.2968022
426	0.3568103
427	0.3504449
428	0.2878049
429	0.2285269
430	0.1946901
431	0.1849418
432	0.1971658
433	0.233235
434	0.294007
435	0.3590956
436	0.3754265
437	0.3269984
438	0.2638249
439	0.2201676
440	0.2003445
441	0.2018608
442	0.2246761
443	0.2710849
444	0.3370395
445	0.3917281
446	0.3893197
447	0.3355807
448	0.2759164
449	0.2364911
450	0.2192896
451	0.222346
452	0.2459779
453	0.2918617
454	0.3567586
455	0.4163909
456	0.4272799
457	0.3824707
458	0.3220506
459	0.2757946
460	0.2506264
461	0.2455243
462	0.2597832
463	0.2944813
464	0.349699
465	0.4153898
466	0.4607007
467	0.4533176
468	0.4029588
469	0.345916
470	0.3034767
471	0.2806442
472	0.2768761
473	0.291779
474	0.3261194
475	0.3795436
476	0.4437447
477	0.4943077
478	0.5019684
479	0.4643587
480	0.4089297
481	0.3605535
482	0.3290917
483	0.3160412
484	0.3210295
485	0.3442612
486	0.3862286
487	0.4440994
488	0.5074495
489	0.5527908
490	0.5562284
491	0.5185103
492	0.4634787
493	0.4134635
494	0.3787078
495	0.3616327
496	0.3621103
497	0.3784927
498	0.412947
499	0.4647246
500	0.5278765
501	0.5860278
502	0.6145546
503	0.5988565
504	0.5496967
505	0.4911075
506	0.4409607
507	0.4053551
508	0.3871278
509	0.386215
510	0.4026957
511	0.4371429
512	0.4893558
513	0.5549394
514	0.6201109
515	0.6609109
516	0.657197
517	0.6112547
518	0.54536
519	0.482806
520	0.4348224
521	0.4044701
522	0.3916248
523	0.3958845
524	0.417621
525	0.4578418
526	0.5166898
527	0.5895791
528	0.6608831
529	0.7030264
530	0.69374
531	0.6377331
532	0.5619328
533	0.4908442
534	0.4359649
535	0.3997574
536	0.3813962
537	0.3798942
538	0.395289
539	0.4288253
540	0.4821139
541	0.5549629
542	0.6391972
543	0.7116448
544	0.7386277
545	0.7035302
546	0.6257369
547	0.5389687
548	0.4649652
549	0.4107056
550	0.3758971
551	0.3585164
552	0.3576697
553	0.3729128
554	0.4055991
555	0.4580634
556	0.5317144
557	0.6220248
558	0.7099698
559	0.7599089
560	0.7431228
561	0.6692877
562	0.5749749
563	0.4892671
564	0.424076
565	0.3803724
566	0.3546959
567	0.3447271
568	0.3493847
569	0.3690172
570	0.4053174
571	0.4608231
572	0.5371772
573	0.6305841
574	0.7239521
575	0.7838845
576	0.7798901
577	0.7151819
578	0.6229133
579	0.5340422
580	0.4626725
581	0.411269
582	0.3779335
583	0.3602109
584	0.3564613
585	0.3662113
586	0.390177
587	0.4301109
588	0.4882428
589	0.5655489
590	0.6577305
591	0.7487467
592	0.8094895
593	0.8126464
594	0.7574549
595	0.6704053
596	0.5806355
597	0.5043761
598	0.4463607
599	0.4058784
600	0.3807798
601	0.3692025
602	0.3701367
603	0.3835431
604	0.4103318
605	0.4521651
606	0.5108502
607	0.5869209
608	0.6760244
609	0.7640784
610	0.8259111
611	0.8366776
612	0.7920307
613	0.7121284
614	0.6236342
615	0.5441665
616	0.4806193
617	0.4336726
618	0.4017341
619	0.3829462
620	0.376001
621	0.3807671
622	0.3969587
623	0.4255089
624	0.4678919
625	0.525583
626	0.59874
627	0.6835555
628	0.7686448
629	0.8337495
630	0.8569665
631	0.8297167
632	0.7638776
633	0.6816581
634	0.6015356
635	0.5331673
636	0.4792888
637	0.438763
638	0.4111542
639	0.3950384
640	0.3894279
641	0.3939154
642	0.4087005
643	0.4345493
644	0.4726655
645	0.5243257
646	0.5900014
647	0.6676146
648	0.749841
649	0.8219927
650	0.864482
651	0.8626934
652	0.8175145
653	0.74359
654	0.6590866
655	0.5792337
656	0.5112294
657	0.457054
658	0.4161064
659	0.3869463
660	0.368161
661	0.3587209
662	0.3580995
663	0.3663153
664	0.3839454
665	0.4121235
666	0.452463
667	0.5067459
668	0.5760262
669	0.6586291
670	0.746718
671	0.822848
672	0.8632303
673	0.8501111
674	0.7867438
675	0.6949839
676	0.5987131
677	0.5126802
678	0.4422736
679	0.3875396
680	0.3464979
681	0.3168601
682	0.2966911
683	0.2846086
684	0.2797846
685	0.2819224
686	0.291252
687	0.3085575
688	0.3352459
689	0.3735911
690	0.4268918
691	0.4970957
692	0.5851678
693	0.6862427
694	0.7834967
695	0.8464839
696	0.8462715
697	0.7811493
698	0.6787906
699	0.5712173
700	0.4769741
701	0.4015715
702	0.3439346
703	0.3009754
704	0.2696059
705	0.2473557
706	0.2324442
707	0.2236944
708	0.2204334
709	0.2225756
710	0.2302977
711	0.2440881
712	0.2650917
713	0.2950872
714	0.3366032
715	0.3929246
716	0.4675794
717	0.5623573
718	0.672262
719	0.7773952
720	0.8408186
721	0.8299375
722	0.7490768
723	0.6350742
724	0.5228879
725	0.4289506
726	0.3559985
727	0.3012044
728	0.2606543
729	0.2309329
730	0.209638
731	0.194826
732	0.1851912
733	0.1799711
734	0.1787648
735	0.1814832
736	0.188338
737	0.1998704
738	0.2170211
739	0.2412485
740	0.2746919
741	0.3203413
742	0.3820451
743	0.4638263
744	0.5671768
745	0.6842946
746	0.7882828
747	0.8353717
748	0.7981319
749	0.6965114
750	0.5751826
751	0.4654507
752	0.3779456
753	0.3117948
754	0.2627024
755	0.2264736
756	0.199797
757	0.1802721
758	0.1662248
759	0.1565176
760	0.1504039
761	0.1474348
762	0.1473969
763	0.1502873
764	0.1563132
765	0.1659187
766	0.1798438
767	0.1992224
768	0.2257296
769	0.2617788
770	0.310721
771	0.3768316
772	0.4644168
773	0.574315
774	0.6954179
775	0.7941857
776	0.8232455
777	0.7640312
778	0.6495067
779	0.5265621
780	0.4212807
781	0.339578
782	0.2785795
783	0.233531
784	0.2002395
785	0.1755501
786	0.1572219
787	0.1436987
788	0.1339124
789	0.1271406
790	0.1229113
791	0.120942
792	0.1211044
793	0.1234092
794	0.1280071
795	0.135208
796	0.1455205
797	0.1597192
798	0.1789497
799	0.2048852
800	0.239952
801	0.2876332
802	0.3523155
803	0.4388255
804	0.5491036
805	0.673551
806	0.7787834
807	0.81379
808	0.7558451
809	0.6389407
810	0.5133723
811	0.4066544
812	0.3245185
813	0.2635873
814	0.2187497
815	0.1856208
816	0.1609521
817	0.1424564
818	0.1285494
819	0.1181368
820	0.110464
821	0.1050139
822	0.1014417
823	0.0995308
824	0.0991687
825	0.1003336
826	0.1030918
827	0.1076597
828	0.1143371
829	0.1234834
830	0.1357304
831	0.1519964
832	0.1736076
833	0.2024826
834	0.2413712
835	0.2940936
836	0.3654946
837	0.4601744
838	0.5776865
839	0.7015526
840	0.7890358
841	0.7915708
842	0.7068738
843	0.5820796
844	0.4619156
845	0.3646162
846	0.2911886
847	0.2370106
848	0.1970698
849	0.1673889
850	0.1451016
851	0.128207
852	0.1153188
853	0.1054734
854	0.0979969
855	0.0924186
856	0.0884334
857	0.085796
858	0.0843637
859	0.0840608
860	0.0848697
861	0.0868289
862	0.0900356
863	0.0946564
864	0.1009449
865	0.1092693
866	0.1201553
867	0.1343516
868	0.1529272
869	0.1774141
870	0.2100138
871	0.2538306
872	0.3130483
873	0.3925442
874	0.4955976
875	0.6169581
876	0.7306155
877	0.7878201
878	0.7538327
879	0.6493425
880	0.5248919
881	0.4143608
882	0.3276298
883	0.2627475
884	0.2147921
885	0.1792097
886	0.152496
887	0.1321817
888	0.1166018
889	0.1045494
890	0.0951778
891	0.0878878
892	0.0822525
893	0.0779668
894	0.0748135
895	0.0726416
896	0.071351
897	0.0708835
898	0.0712178
899	0.0723669
900	0.0743798
901	0.0773453
902	0.0814012
903	0.0867462
904	0.0936599
905	0.1025335
906	0.1139142
907	0.1285727
908	0.1476033
909	0.1725706
910	0.2057128
911	0.2501856
912	0.3102008
913	0.3905705
914	0.494179
915	0.6146252
916	0.7240166
917	0.773344
918	0.7319711
919	0.6249295
920	0.5022334
921	0.3950188
922	0.31146
923	0.2490808
924	0.2029556
925	0.168662
926	0.1428698
927	0.1232146
928	0.108046
929	0.0962116
930	0.0868998
931	0.0795337
932	0.0736977
933	0.0690896
934	0.0654896
935	0.0627372
936	0.0607166
937	0.0593464
938	0.0585732
939	0.0583671
940	0.0587197
941	0.0596429
942	0.0611705
943	0.0633601
944	0.0662981
945	0.0701063
946	0.074953
947	0.0810677
948	0.0887662
949	0.0984814
950	0.1108156
951	0.1266132
952	0.1470751
953	0.1739155
954	0.2096067
955	0.2575894
956	0.3221798
957	0.407901
958	0.5158165
959	0.634688
960	0.7299043
961	0.7537457
962	0.690981
963	0.577981
964	0.4606136
965	0.361989
966	0.2861723
967	0.2296658
968	0.1877366
969	0.1563721
970	0.1326187
971	0.1143779
972	0.1001828
973	0.0890075
974	0.0801205
975	0.0730007
976	0.0672669
977	0.0626415
978	0.0589168
979	0.0559395
980	0.0535938
981	0.0517942
982	0.0504779
983	0.0496009
984	0.0491342
985	0.0490621
986	0.0493814
987	0.0501011
988	0.0512426
989	0.0528417
990	0.05495
991	0.0576402
992	0.0610067
993	0.0651702
994	0.0703116
995	0.0766623
996	0.0845312
997	0.0943422
998	0.1066744
999	0.1223397
1000	0.1424724
1001	0.1686878
1002	0.2032526
1003	0.2493014
1004	0.3108598
1005	0.3920724
1006	0.4942253
1007	0.6080599
1008	0.7037968
1009	0.7371107
1010	0.6878542
1011	0.5842198
1012	0.4700787
1013	0.3710448
1014	0.2934784
1015	0.2350649
1016	0.191441
1017	0.1586893
1018	0.1338128
1019	0.1146595
1020	0.0997151
1021	0.0879035
1022	0.0784649
1023	0.070848
1024	0.0646542
1025	0.0595869
1026	0.0554267
1027	0.0520067
1028	0.049201
1029	0.0469127
1030	0.0450683
1031	0.0436112
1032	0.0424988
1033	0.0416996
1034	0.0411485
1035	0.0408649
1036	0.0408531
1037	0.0411125
1038	0.0416497
1039	0.0424783
1040	0.0436208
1041	0.0451082
1042	0.0469835
1043	0.0493025
1044	0.0521397
1045	0.0555907
1046	0.0597822
1047	0.0648789
1048	0.0711012
1049	0.0787415
1050	0.0881979
1051	0.1000171
1052	0.1149528
1053	0.1340704
1054	0.1588659
1055	0.1914645
1056	0.2347928
1057	0.2926758
1058	0.3692236
1059	0.4663356
1060	0.5768451
1061	0.6744789
1062	0.7161542
1063	0.6768796
1064	0.5793015
1065	0.4669988
1066	0.3677625
1067	0.2895315
1068	0.2305213
1069	0.1865014
1070	0.1535024
1071	0.1284854
1072	0.1092513
1073	0.0942553
1074	0.0824023
1075	0.0729191
1076	0.0652462
1077	0.0589797
1078	0.0538189
1079	0.0495475
1080	0.0459897
1081	0.0430155
1082	0.040526
1083	0.0384434
1084	0.0367076
1085	0.0352712
1086	0.0340972
1087	0.0331566
1088	0.0324273
1089	0.0318925
1090	0.0315403
1091	0.0313629
1092	0.0313563
1093	0.0315204
1094	0.0318583
1095	0.0323775
1096	0.0330889
1097	0.0340085
1098	0.0351579
1099	0.0365644
1100	0.0382641
1101	0.040302
1102	0.0427367
1103	0.0456417
1104	0.0491134
1105	0.0532744
1106	0.0582874
1107	0.0643649
1108	0.071794
1109	0.0809597
1110	0.0923954
1111	0.1068371
1112	0.1253255
1113	0.1493395
1114	0.1809682
1115	0.2231381
1116	0.2796652
1117	0.3547435
1118	0.4503168
1119	0.5591735
1120	0.6544325
1121	0.6926036
1122	0.6501525
1123	0.552047
1124	0.441983
1125	0.3462096
1126	0.2714309
1127	0.2153619
1128	0.1737004
1129	0.1425404
1130	0.1189331
1131	0.1007875
1132	0.0866289
1133	0.0754269
1134	0.0664466
1135	0.0591641
1136	0.0531952
1137	0.0482592
1138	0.0441439
1139	0.0406905
1140	0.037776
1141	0.0353063
1142	0.0332068
1143	0.0314193
1144	0.0298975
1145	0.0286041
1146	0.0275099
1147	0.0265908
1148	0.025828
1149	0.0252062
1150	0.0247136
1151	0.0243408
1152	0.0240813
1153	0.0239302
1154	0.0238848
1155	0.0239443
1156	0.0241096
1157	0.0243834
1158	0.0247705
1159	0.0252777
1160	0.0259143
1161	0.026692
1162	0.0276265
1163	0.0287363
1164	0.0300456
1165	0.0315837
1166	0.0333881
1167	0.0355045
1168	0.0379919
1169	0.0409238
1170	0.0443955
1171	0.0485287
1172	0.0534841
1173	0.0594716
1174	0.0667741
1175	0.0757758
1176	0.0870011
1177	0.1011866
1178	0.1193647
1179	0.1430125
1180	0.174218
1181	0.2159267
1182	0.2719607
1183	0.3461977
1184	0.440021
1185	0.545138
1186	0.6338157
1187	0.6644908
1188	0.6185315
1189	0.5228568
1190	0.41837
1191	0.3282814
1192	0.2580299
1193	0.2052634
1194	0.1659038
1195	0.1363541
1196	0.1138838
1197	0.0965498
1198	0.0829763
1199	0.0721996
1200	0.0635294
1201	0.0564721
1202	0.0506653
1203	0.0458427
1204	0.0418028
1205	0.0383942
1206	0.0354994
1207	0.033027
1208	0.0309064
1209	0.0290804
1210	0.0275043
1211	0.0261416
1212	0.0249628
1213	0.0239439
1214	0.0230653
1215	0.022311
1216	0.0216678
1217	0.0211249
1218	0.0206737
1219	0.0203069
1220	0.0200191
1221	0.0198058
1222	0.0196639
1223	0.0195912
1224	0.0195864
1225	0.0196494
1226	0.0197807
1227	0.0199821
1228	0.020256
1229	0.0206061
1230	0.0210374
1231	0.0215557
1232	0.0221688
1233	0.0228859
1234	0.0237185
1235	0.0246803
1236	0.0257883
1237	0.0270626
1238	0.0285282
1239	0.0302156
1240	0.0321811
1241	0.0345699
1242	0.0373364
1243	0.0405564
1244	0.044324
1245	0.0487609
1246	0.0540211
1247	0.0603075
1248	0.0678833
1249	0.0771012
1250	0.08843
1251	0.1025097
1252	0.1202063
1253	0.1427099
1254	0.1716386
1255	0.2091233
1256	0.2578168
1257	0.3204384
1258	0.3983268
1259	0.4877975
1260	0.5746832
1261	0.6326395
1262	0.6366321
1263	0.585328
1264	0.502272
1265	0.4141493
1266	0.3361357
1267	0.2727173
1268	0.2230092
1269	0.1844874
1270	0.1546017
1271	0.1312338
1272	0.1127772
1273	0.0980308
1274	0.0861181
1275	0.0763879
1276	0.0683617
1277	0.061678
1278	0.0560662
1279	0.0513172
1280	0.0472717
1281	0.043804
1282	0.0408159
1283	0.0382284
1284	0.0359793
1285	0.0340178
1286	0.0323023
1287	0.0307997
1288	0.0294816
1289	0.0283256
1290	0.0273121
1291	0.0264256
1292	0.0256524
1293	0.0249817
1294	0.0244039
1295	0.0239115
1296	0.0234977
1297	0.0231574
1298	0.0228862
1299	0.0226805
1300	0.0225378
1301	0.0224561
1302	0.022434
1303	0.0224709
1304	0.0225667
1305	0.0227221
1306	0.0229326
1307	0.0232048
1308	0.0235418
1309	0.0239468
1310	0.0244236
1311	0.024977
1312	0.0256126
1313	0.0263374
1314	0.0271592
1315	0.0280875
1316	0.0291337
1317	0.0303105
1318	0.0316337
1319	0.0331212
1320	0.0347949
1321	0.0366798
1322	0.0388069
1323	0.041212
1324	0.0439395
1325	0.0470416
1326	0.050583
1327	0.0546414
1328	0.059314
1329	0.0647188
1330	0.0710056
1331	0.0783587
1332	0.0870131
1333	0.0972673
1334	0.1094975
1335	0.12419
1336	0.1419584
1337	0.1635887
1338	0.1900508
1339	0.2225233
1340	0.2623082
1341	0.3106461
1342	0.3681527
1343	0.4338228
1344	0.5033733
1345	0.567796
1346	0.6138881
1347	0.6291517
1348	0.6090907
1349	0.5603132
1350	0.4958966
1351	0.428239
1352	0.3652175
1353	0.3103217
1354	0.2641891
1355	0.2261134
1356	0.1948953
1357	0.1693165
1358	0.1482848
1359	0.1309036
1360	0.1164447
1361	0.1043385
1362	0.0941314
1363	0.0854674
1364	0.0780683
1365	0.0717103
1366	0.0662178
1367	0.0614477
1368	0.0572864
1369	0.0536399
1370	0.0504331
1371	0.0476026
1372	0.0450975
1373	0.042874
1374	0.0408969
1375	0.0391354
1376	0.0375646
1377	0.0361625
1378	0.0348565
1379	0.0336073
1380	0.0324894
1381	0.0314901
1382	0.0305979
1383	0.0298037
1384	0.0290991
1385	0.0284771
1386	0.0279316
1387	0.0274576
1388	0.0270506
1389	0.0267069
1390	0.0264235
1391	0.0261979
1392	0.026028
1393	0.0259124
1394	0.0258498
1395	0.0258398
1396	0.0258821
1397	0.0259769
1398	0.0261247
1399	0.0263267
1400	0.0265842
1401	0.0268993
1402	0.0272744
1403	0.0277124
1404	0.0282169
1405	0.0287922
1406	0.0294431
1407	0.0301754
1408	0.0309958
1409	0.0319119
1410	0.0329329
1411	0.0340686
1412	0.0353315
1413	0.0367352
1414	0.0382964
1415	0.0400333
1416	0.0419686
1417	0.0441274
1418	0.0465408
1419	0.0492439
1420	0.05228
1421	0.0556995
1422	0.0595633
1423	0.0639434
1424	0.0689282
1425	0.0746252
1426	0.0811634
1427	0.088704
1428	0.0974418
1429	0.1076214
1430	0.1195405
1431	0.1335731
1432	0.1501732
1433	0.1699029
1434	0.1934262
1435	0.2215219
1436	0.2550179
1437	0.2946998
1438	0.3410225
1439	0.3936712
1440	0.4507773
1441	0.5080893
1442	0.5585161
1443	0.5931048
1444	0.6041118
1445	0.5887649
1446	0.5508459
1447	0.4985846
1448	0.4407742
1449	0.3840835
1450	0.3323157
1451	0.287027
1452	0.2483567
1453	0.2157685
1454	0.1884519
1455	0.1655802
1456	0.1463904
1457	0.1302292
1458	0.1165581
1459	0.1048918
1460	0.0948546
1461	0.086231
1462	0.0787844
1463	0.0723204
1464	0.0666833
1465	0.061744
1466	0.0573984
1467	0.0535589
1468	0.0501547
1469	0.0471253
1470	0.0444213
1471	0.0420006
1472	0.0398274
1473	0.0378721
1474	0.0361087
1475	0.0345156
1476	0.0330738
1477	0.0317674
1478	0.0305821
1479	0.029506
1480	0.0285285
1481	0.0276402
1482	0.0268332
1483	0.0261008
1484	0.0254365
1485	0.0248353
1486	0.0242922
1487	0.0238031
1488	0.0233645
1489	0.0229732
1490	0.0226263
1491	0.0223218
1492	0.0220573
1493	0.021831
1494	0.0216415
1495	0.0214875
1496	0.021368
1497	0.0212822
1498	0.0212295
1499	0.0212096
1500	0.0212223
1501	0.0212676
1502	0.0213457
1503	0.0214571
1504	0.0216024
1505	0.0217824
1506	0.0219982
1507	0.0222511
1508	0.0225427
1509	0.0228746
1510	0.0232492
1511	0.0236688
1512	0.0241363
1513	0.0246548
1514	0.0252281
1515	0.0258602
1516	0.0265561
1517	0.0273209
1518	0.0281609
1519	0.0290832
1520	0.0300956
1521	0.0312074
1522	0.0324289
1523	0.0337724
1524	0.0352512
1525	0.0368819
1526	0.0386823
1527	0.0406745
1528	0.0428829
1529	0.0453374
1530	0.0480717
1531	0.0511264
1532	0.0545495
1533	0.0583989
1534	0.0627421
1535	0.0676615
1536	0.0732568
1537	0.0796466
1538	0.0869783
1539	0.0954281
1540	0.1052157
1541	0.1166069
1542	0.1299293
1543	0.1455769
1544	0.1640315
1545	0.1858529
1546	0.211688
1547	0.2422111
1548	0.2780513
1549	0.3195635
1550	0.3664958
1551	0.417423
1552	0.4690862
1553	0.5160337
1554	0.5510923
1555	0.567388
1556	0.561214
1557	0.5339363
1558	0.4912862
1559	0.4406447
1560	0.3884752
1561	0.3390756
1562	0.2946747
1563	0.2559912
1564	0.2228997
1565	0.1948533
1566	0.1711699
1567	0.1511783
1568	0.1342638
1569	0.1199057
1570	0.1076622
1571	0.0971745
1572	0.0881447
1573	0.0803332
1574	0.0735414
1575	0.0676095
1576	0.0624043
1577	0.057818
1578	0.0537597
1579	0.0501555
1580	0.0469423
1581	0.0440683
1582	0.0414894
1583	0.0391683
1584	0.0370738
1585	0.0351785
1586	0.0334597
1587	0.0318972
1588	0.0304742
1589	0.0291757
1590	0.0279888
1591	0.0269025
1592	0.0259069
1593	0.0249932
1594	0.024154
1595	0.0233824
1596	0.0226727
1597	0.0220196
1598	0.0214185
1599	0.0208654
1600	0.0203564
1601	0.0198885
1602	0.0194586
1603	0.0190642
1604	0.0187031
1605	0.018373
1606	0.0180722
1607	0.0177991
1608	0.0175521
1609	0.01733
1610	0.0171317
1611	0.0169561
1612	0.0168024
1613	0.0166697
1614	0.0165575
1615	0.0164651
1616	0.0163922
1617	0.0163383
1618	0.0163032
1619	0.0162867
1620	0.0162887
1621	0.0163091
1622	0.0163481
1623	0.0164058
1624	0.0164824
1625	0.0165781
1626	0.0166935
1627	0.0168291
1628	0.0169853
1629	0.0171629
1630	0.0173628
1631	0.0175855
1632	0.0178325
1633	0.0181049
1634	0.0184039
1635	0.0187312
1636	0.0190883
1637	0.0194772
1638	0.0199001
1639	0.0203591
1640	0.020857
1641	0.0213969
1642	0.021982
1643	0.0226158
1644	0.0233025
1645	0.0240468
1646	0.0248538
1647	0.0257296
1648	0.0266805
1649	0.0277143
1650	0.0288393
1651	0.0300654
1652	0.0314034
1653	0.0328663
1654	0.0344676
1655	0.0362248
1656	0.0381568
1657	0.0402862
1658	0.0426385
1659	0.0452439
1660	0.0481383
1661	0.0513625
1662	0.0549663
1663	0.059007
1664	0.0635547
1665	0.068691
1666	0.0745161
1667	0.0811479
1668	0.0887319
1669	0.0974402
1670	0.1074854
1671	0.119118
1672	0.1326479
1673	0.148437
1674	0.166917
1675	0.1885713
1676	0.213929
1677	0.2435082
1678	0.2776962
1679	0.3165766
1680	0.359581
1681	0.405096
1682	0.4499827
1683	0.4895006
1684	0.5178939
1685	0.5300325
1686	0.5234206
1687	0.4993687
1688	0.462384
1689	0.4182471
1690	0.3721787
1691	0.3278508
1692	0.2873315
1693	0.2514764
1694	0.2203553
1695	0.1936452
1696	0.1708387
1697	0.1514007
1698	0.1348164
1699	0.1206356
1700	0.1084663
1701	0.0979834
1702	0.088913
1703	0.0810319
1704	0.0741524
1705	0.0681225
1706	0.0628144
1707	0.0581222
1708	0.0539591
1709	0.0502509
1710	0.046937
1711	0.0439653
1712	0.0412923
1713	0.0388801
1714	0.0366976
1715	0.0347173
1716	0.0329163
1717	0.0312741
1718	0.0297737
1719	0.0283997
1720	0.0271393
1721	0.0259807
1722	0.024914
1723	0.0239303
1724	0.0230218
1725	0.0221816
1726	0.0214036
1727	0.0206824
1728	0.0200131
1729	0.0193914
1730	0.0188135
1731	0.0182759
1732	0.0177754
1733	0.0173094
1734	0.0168753
1735	0.0164708
1736	0.0160938
1737	0.0157427
1738	0.0154155
1739	0.0151109
1740	0.0148275
1741	0.0145638
1742	0.0143189
1743	0.0140917
1744	0.0138813
1745	0.0136869
1746	0.0135077
1747	0.013343
1748	0.0131922
1749	0.0130546
1750	0.0129299
1751	0.0128176
1752	0.0127172
1753	0.0126284
1754	0.0125509
1755	0.0124843
1756	0.0124284
1757	0.012383
1758	0.0123481
1759	0.0123233
1760	0.0123087
1761	0.0123042
1762	0.0123097
1763	0.0123253
1764	0.0123509
1765	0.0123867
1766	0.0124328
1767	0.0124893
1768	0.0125563
1769	0.012634
1770	0.0127228
1771	0.0128228
1772	0.0129354
1773	0.0130603
1774	0.0131975
1775	0.0133477
1776	0.0135112
1777	0.0136887
1778	0.0138807
1779	0.014088
1780	0.0143114
1781	0.0145517
1782	0.0148099
1783	0.0150869
1784	0.0153838
1785	0.0157019
1786	0.0160425
1787	0.0164071
1788	0.0167974
1789	0.0172151
1790	0.0176623
1791	0.018141
1792	0.0186539
1793	0.0192035
1794	0.0197928
1795	0.0204251
1796	0.0211043
1797	0.0218341
1798	0.0226195
1799	0.0234653
1800	0.0243774
1801	0.025362
1802	0.0264266
1803	0.0275795
1804	0.0288298
1805	0.0301883
1806	0.0316668
1807	0.0332793
1808	0.0350411
1809	0.0369709
1810	0.0390888
1811	0.0414201
1812	0.0439915
1813	0.0468364
1814	0.0499918
1815	0.0535033
1816	0.0574223
1817	0.0618111
1818	0.0667435
1819	0.0723056
1820	0.0786023
1821	0.0857559
1822	0.0939162
1823	0.1032577
1824	0.1139932
1825	0.1263696
1826	0.1406823
1827	0.1572649
1828	0.1764979
1829	0.1987765
1830	0.2244889
1831	0.2539176
1832	0.2871342
1833	0.3237786
1834	0.3627673
1835	0.4020258
1836	0.4382979
1837	0.4674153
1838	0.4851096
1839	0.4883578
1840	0.4765412
1841	0.4517141
1842	0.4177732
1843	0.3790835
1844	0.3393942
1845	0.3013068
1846	0.2663238
1847	0.2350809
1848	0.2076642
1849	0.1838605
1850	0.163303
1851	0.145591
1852	0.1303256
1853	0.1171501
1854	0.1057463
1855	0.0958461
1856	0.0872184
1857	0.0796728
1858	0.0730466
1859	0.0672066
1860	0.0620389
1861	0.0574497
1862	0.0533593
1863	0.0497017
1864	0.0464201
1865	0.0434661
1866	0.0407997
1867	0.0383856
1868	0.0361943
1869	0.0341997
1870	0.0323802
1871	0.0307163
1872	0.0291915
1873	0.0277909
1874	0.0265022
1875	0.0253138
1876	0.0242162
1877	0.0232006
1878	0.0222595
1879	0.021386
1880	0.020574
1881	0.0198184
1882	0.019114
1883	0.0184569
1884	0.017843
1885	0.017269
1886	0.0167316
1887	0.0162281
1888	0.0157559
1889	0.0153128
1890	0.0148966
1891	0.0145054
1892	0.0141374
1893	0.0137912
1894	0.0134653
1895	0.0131584
1896	0.0128693
1897	0.0125969
1898	0.0123401
1899	0.0120982
1900	0.0118701
1901	0.0116553
1902	0.011453
1903	0.0112623
1904	0.0110828
1905	0.0109139
1906	0.0107551
1907	0.0106058
1908	0.0104656
1909	0.0103341
1910	0.010211
1911	0.0100958
1912	0.0099884
1913	0.0098883
1914	0.0097954
1915	0.0097094
1916	0.00963
1917	0.0095572
1918	0.0094906
1919	0.0094301
1920	0.0093757
1921	0.0093271
1922	0.0092842
1923	0.009247
1924	0.0092152
1925	0.0091889
1926	0.0091679
1927	0.0091522
1928	0.0091418
1929	0.0091366
1930	0.0091366
1931	0.0091417
1932	0.009152
1933	0.0091675
1934	0.0091883
1935	0.0092144
1936	0.0092458
1937	0.0092826
1938	0.0093248
1939	0.0093727
1940	0.0094262
1941	0.0094856
1942	0.0095509
1943	0.0096224
1944	0.0097
1945	0.009784
1946	0.0098747
1947	0.0099722
1948	0.0100767
1949	0.0101885
1950	0.0103079
1951	0.0104353
1952	0.0105708
1953	0.0107149
1954	0.010868
1955	0.0110305
1956	0.0112027
1957	0.0113853
1958	0.0115787
1959	0.0117835
1960	0.0120003
1961	0.0122297
1962	0.0124725
1963	0.0127295
1964	0.0130016
1965	0.0132896
1966	0.0135946
1967	0.0139177
1968	0.0142602
1969	0.0146232
1970	0.0150081
1971	0.0154169
1972	0.0158509
1973	0.0163122
1974	0.0168026
1975	0.0173245
1976	0.0178804
1977	0.0184731
1978	0.0191054
1979	0.0197808
1980	0.0205031
1981	0.0212763
1982	0.0221048
1983	0.022994
1984	0.0239497
1985	0.0249785
1986	0.0260872
1987	0.0272841
1988	0.0285784
1989	0.0299805
1990	0.0315026
1991	0.0331577
1992	0.0349612
1993	0.0369304
1994	0.0390861
1995	0.0414502
1996	0.0440499
1997	0.046916
1998	0.0500851
1999	0.0535974
2000	0.0575021
2001	0.0618557
2002	0.0667266
2003	0.0721914
2004	0.0783436
2005	0.0852924
2006	0.0931662
2007	0.1021184
2008	0.1123213
2009	0.1239817
2010	0.1373338
2011	0.1526446
2012	0.1701873
2013	0.1902482
2014	0.2130774
2015	0.2388368
2016	0.2674777
2017	0.2986342
2018	0.3314211
2019	0.3642629
2020	0.394819
2021	0.4201045
2022	0.4370384
2023	0.4431983
2024	0.4376129
2025	0.4211215
2026	0.3960666
2027	0.3655294
2028	0.3325138
2029	0.2994473
2030	0.26796
2031	0.2389845
2032	0.212914
2033	0.1898111
2034	0.1695187
2035	0.1517855
2036	0.1363245
2037	0.1228464
2038	0.1110903
2039	0.100814
2040	0.0918087
2041	0.0838919
2042	0.0769137
2043	0.0707414
2044	0.0652639
2045	0.060386
2046	0.0560299
2047	0.0521267
2048	0.0486184
2049	0.0454552
2050	0.0425963
2051	0.040005
2052	0.0376499
2053	0.0355039
2054	0.0335435
2055	0.0317493
2056	0.0301031
2057	0.0285897
2058	0.0271951
2059	0.0259083
2060	0.0247183
2061	0.0236158
2062	0.0225926
2063	0.0216419
2064	0.0207571
2065	0.0199323
2066	0.0191624
2067	0.0184426
2068	0.0177691
2069	0.0171381
2070	0.0165461
2071	0.0159902
2072	0.0154677
2073	0.014976
2074	0.0145128
2075	0.014076
2076	0.0136639
2077	0.0132747
2078	0.0129069
2079	0.0125588
2080	0.0122294
2081	0.0119173
2082	0.0116215
2083	0.0113409
2084	0.0110746
2085	0.0108218
2086	0.0105817
2087	0.0103536
2088	0.0101366
2089	0.0099303
2090	0.0097341
2091	0.0095474
2092	0.0093697
2093	0.0092006
2094	0.0090395
2095	0.0088861
2096	0.0087399
2097	0.0086008
2098	0.0084682
2099	0.008342
2100	0.0082218
2101	0.0081072
2102	0.0079982
2103	0.0078944
2104	0.0077957
2105	0.0077019
2106	0.0076127
2107	0.007528
2108	0.0074476
2109	0.0073713
2110	0.0072991
2111	0.0072309
2112	0.0071663
2113	0.0071055
2114	0.0070481
2115	0.0069941
2116	0.0069435
2117	0.0068961
2118	0.0068518
2119	0.0068106
2120	0.0067724
2121	0.0067371
2122	0.0067046
2123	0.006675
2124	0.0066481
2125	0.0066239
2126	0.0066024
2127	0.0065836
2128	0.0065673
2129	0.0065536
2130	0.0065425
2131	0.006534
2132	0.0065281
2133	0.0065246
2134	0.0065236
2135	0.0065251
2136	0.0065292
2137	0.0065357
2138	0.0065447
2139	0.0065562
2140	0.0065703
2141	0.0065868
2142	0.0066059
2143	0.0066276
2144	0.006652
2145	0.006679
2146	0.0067087
2147	0.0067411
2148	0.0067763
2149	0.0068144
2150	0.0068553
2151	0.0068993
2152	0.0069464
2153	0.0069965
2154	0.0070499
2155	0.0071064
2156	0.0071664
2157	0.0072298
2158	0.0072968
2159	0.0073674
2160	0.0074419
2161	0.0075202
2162	0.0076025
2163	0.0076891
2164	0.00778
2165	0.0078754
2166	0.0079756
2167	0.0080806
2168	0.0081908
2169	0.0083062
2170	0.0084272
2171	0.008554
2172	0.0086869
2173	0.0088261
2174	0.008972
2175	0.0091247
2176	0.0092848
2177	0.0094526
2178	0.0096285
2179	0.0098129
2180	0.0100062
2181	0.010209
2182	0.0104219
2183	0.0106453
2184	0.0108798
2185	0.011126
2186	0.0113849
2187	0.011657
2188	0.0119431
2189	0.0122443
2190	0.0125614
2191	0.0128953
2192	0.0132474
2193	0.0136187
2194	0.0140108
2195	0.0144251
2196	0.014863
2197	0.0153265
2198	0.0158172
2199	0.0163376
2200	0.0168896
2201	0.0174761
2202	0.0180996
2203	0.0187634
2204	0.0194705
2205	0.0202247
2206	0.0210302
2207	0.0218917
2208	0.0228143
2209	0.0238034
2210	0.0248656
2211	0.0260075
2212	0.0272379
2213	0.028565
2214	0.0299993
2215	0.0315522
2216	0.033237
2217	0.0350677
2218	0.0370613
2219	0.0392369
2220	0.0416169
2221	0.0442253
2222	0.0470913
2223	0.050248
2224	0.0537339
2225	0.057594
2226	0.061878
2227	0.0666464
2228	0.0719685
2229	0.077926
2230	0.0846097
2231	0.0921299
2232	0.1006101
2233	0.1101947
2234	0.1210393
2235	0.1333231
2236	0.1472355
2237	0.1629728
2238	0.1807052
2239	0.2005688
2240	0.2226035
2241	0.2466846
2242	0.2724441
2243	0.2991344
2244	0.3255746
2245	0.350103
2246	0.3706959
2247	0.3852436
2248	0.3920292
2249	0.3901704
2250	0.3798895
2251	0.362456
2252	0.3398054
2253	0.3140647
2254	0.2871492
2255	0.2605403
2256	0.2352506
2257	0.211852
2258	0.1906045
2259	0.1715482
2260	0.1546032
2261	0.1396069
2262	0.1263683
2263	0.1146892
2264	0.1043869
2265	0.0952861
2266	0.0872322
2267	0.0800875
2268	0.0737366
2269	0.0680752
2270	0.0630145
2271	0.0584779
2272	0.0543997
2273	0.050725
2274	0.0474044
2275	0.0443959
2276	0.0416629
2277	0.0391751
2278	0.0369046
2279	0.0348278
2280	0.0329236
2281	0.0311748
2282	0.029565
2283	0.0280803
2284	0.0267081
2285	0.0254383
2286	0.0242609
2287	0.0231673
2288	0.0221501
2289	0.0212021
2290	0.0203179
2291	0.0194919
2292	0.0187191
2293	0.0179949
2294	0.0173159
2295	0.0166782
2296	0.0160786
2297	0.0155142
2298	0.0149824
2299	0.0144809
2300	0.0140074
2301	0.0135597
2302	0.0131362
2303	0.0127353
2304	0.0123554
2305	0.0119952
2306	0.0116533
2307	0.0113285
2308	0.0110199
2309	0.0107263
2310	0.0104468
2311	0.0101806
2312	0.009927
2313	0.0096851
2314	0.0094543
2315	0.0092339
2316	0.0090235
2317	0.0088223
2318	0.00863
2319	0.008446
2320	0.0082699
2321	0.0081013
2322	0.0079398
2323	0.0077851
2324	0.0076367
2325	0.0074945
2326	0.0073581
2327	0.0072272
2328	0.0071015
2329	0.0069809
2330	0.0068651
2331	0.0067538
2332	0.006647
2333	0.0065444
2334	0.0064457
2335	0.0063509
2336	0.0062598
2337	0.0061721
2338	0.0060879
2339	0.0060069
2340	0.0059289
2341	0.005854
2342	0.0057819
2343	0.0057125
2344	0.0056459
2345	0.0055818
2346	0.0055202
2347	0.005461
2348	0.0054041
2349	0.0053495
2350	0.005297
2351	0.0052466
2352	0.0051982
2353	0.0051518
2354	0.0051073
2355	0.0050647
2356	0.0050239
2357	0.0049848
2358	0.0049474
2359	0.0049116
2360	0.0048775
2361	0.004845
2362	0.004814
2363	0.0047846
2364	0.0047565
2365	0.00473
2366	0.0047048
2367	0.004681
2368	0.0046585
2369	0.0046374
2370	0.0046175
2371	0.0045989
2372	0.0045815
2373	0.0045653
2374	0.0045504
2375	0.0045367
2376	0.0045241
2377	0.0045128
2378	0.0045025
2379	0.0044935
2380	0.0044855
2381	0.0044787
2382	0.004473
2383	0.0044685
2384	0.004465
2385	0.0044626
2386	0.0044613
2387	0.0044612
2388	0.0044621
2389	0.0044641
2390	0.0044672
2391	0.0044714
2392	0.0044767
2393	0.0044831
2394	0.0044907
2395	0.0044993
2396	0.0045091
2397	0.0045199
2398	0.004532
2399	0.0045451
2400	0.0045595
