Wavelength (nm)	Transmittance
210	0.0004447
211	0.0004397
212	0.0004348
213	0.0004309
214	0.000428
215	0.000428
216	0.0004281
217	0.0004283
218	0.0004269
219	0.0004237
220	0.0004208
221	0.0004181
222	0.0004179
223	0.0004192
224	0.0004201
225	0.0004207
226	0.0004185
227	0.0004142
228	0.0004095
229	0.0004046
230	0.0004009
231	0.0003991
232	0.0003971
233	0.0003951
234	0.0003928
235	0.0003882
236	0.0003836
237	0.0003786
238	0.0003737
239	0.0003695
240	0.0003658
241	0.0003621
242	0.0003582
243	0.0003544
244	0.0003502
245	0.000346
246	0.0003411
247	0.0003354
248	0.0003297
249	0.0003207
250	0.0003119
251	0.0003035
252	0.0002953
253	0.0002874
254	0.0002823
255	0.0002775
256	0.0002734
257	0.0002705
258	0.0002676
259	0.0002661
260	0.0002653
261	0.0002644
262	0.0002643
263	0.0002641
264	0.0002638
265	0.0002627
266	0.0002617
267	0.0002608
268	0.0002603
269	0.0002598
270	0.00026
271	0.0002609
272	0.0002619
273	0.0002631
274	0.0002646
275	0.0002661
276	0.0002675
277	0.0002688
278	0.0002701
279	0.0002716
280	0.0002736
281	0.0002755
282	0.0002778
283	0.0002814
284	0.000285
285	0.0002887
286	0.0002931
287	0.0002975
288	0.000302
289	0.0003063
290	0.0003105
291	0.0003147
292	0.0003192
293	0.0003244
294	0.0003297
295	0.0003351
296	0.0003422
297	0.00035
298	0.0003579
299	0.0003662
300	0.0003756
301	0.0003852
302	0.0003949
303	0.0004052
304	0.000416
305	0.0004269
306	0.0004381
307	0.0004503
308	0.000463
309	0.0004759
310	0.0004891
311	0.0005035
312	0.0005182
313	0.0005331
314	0.0005486
315	0.000566
316	0.0005838
317	0.000602
318	0.000621
319	0.0006438
320	0.0006672
321	0.0006914
322	0.0007162
323	0.0007423
324	0.0007693
325	0.000797
326	0.0008255
327	0.0008529
328	0.0008801
329	0.0009081
330	0.0009368
331	0.0009657
332	0.0009945
333	0.001024
334	0.0010542
335	0.0010851
336	0.0011167
337	0.001149
338	0.0011821
339	0.0012159
340	0.0012497
341	0.0012823
342	0.0013156
343	0.0013496
344	0.0013842
345	0.0014161
346	0.0014461
347	0.0014765
348	0.0015075
349	0.0015389
350	0.0015678
351	0.0015961
352	0.0016248
353	0.0016538
354	0.0016832
355	0.0017114
356	0.0017395
357	0.0017679
358	0.0017966
359	0.0018256
360	0.0018511
361	0.0018743
362	0.0018978
363	0.0019214
364	0.0019452
365	0.0019645
366	0.0019745
367	0.0019846
368	0.0019947
369	0.0020048
370	0.002015
371	0.0020235
372	0.0020318
373	0.0020402
374	0.0020485
375	0.0020568
376	0.0020677
377	0.0020847
378	0.0021018
379	0.002119
380	0.0021362
381	0.0021534
382	0.0021729
383	0.0021944
384	0.0022161
385	0.0022379
386	0.0022597
387	0.0022817
388	0.002305
389	0.0023293
390	0.0023538
391	0.0023784
392	0.0024032
393	0.002428
394	0.0024549
395	0.0024849
396	0.002515
397	0.0025454
398	0.0025759
399	0.0026067
400	0.0026381
401	0.0026764
402	0.002715
403	0.002754
404	0.0027933
405	0.0028331
406	0.0028732
407	0.0029168
408	0.0029642
409	0.0030121
410	0.0030606
411	0.0031096
412	0.0031592
413	0.0032093
414	0.0032648
415	0.0033228
416	0.0033816
417	0.0034412
418	0.0035015
419	0.0035625
420	0.0036244
421	0.0036925
422	0.0037638
423	0.0038361
424	0.0039095
425	0.0039839
426	0.0040594
427	0.0041361
428	0.0042174
429	0.0043044
430	0.0043927
431	0.0044825
432	0.0045737
433	0.0046663
434	0.0047604
435	0.004856
436	0.0049644
437	0.0050752
438	0.005188
439	0.0053028
440	0.0054197
441	0.0055387
442	0.0056599
443	0.0057875
444	0.005935
445	0.0060857
446	0.0062396
447	0.0063969
448	0.0065575
449	0.0067215
450	0.006889
451	0.007061
452	0.007243
453	0.007429
454	0.0076192
455	0.0078135
456	0.0080122
457	0.0082153
458	0.0084229
459	0.008635
460	0.0088528
461	0.0090758
462	0.0093036
463	0.0095364
464	0.0097743
465	0.0100174
466	0.0102657
467	0.0105194
468	0.0107744
469	0.0110066
470	0.0112433
471	0.0114847
472	0.0117309
473	0.0119819
474	0.0122378
475	0.0124988
476	0.0127648
477	0.0130307
478	0.0132654
479	0.0135047
480	0.0137489
481	0.013998
482	0.0142522
483	0.0145115
484	0.0147762
485	0.0150464
486	0.0153223
487	0.0154815
488	0.0156092
489	0.0157395
490	0.0158725
491	0.0160082
492	0.0161468
493	0.0162882
494	0.0164326
495	0.0165799
496	0.0167116
497	0.0165524
498	0.0163964
499	0.0162435
500	0.0160937
501	0.0159469
502	0.0158028
503	0.0156615
504	0.0155227
505	0.0153865
506	0.0152525
507	0.0149618
508	0.0146674
509	0.0143792
510	0.0140972
511	0.0138211
512	0.0135508
513	0.013286
514	0.0130266
515	0.0127724
516	0.0125234
517	0.012228
518	0.0118646
519	0.0115117
520	0.011169
521	0.0108361
522	0.0105128
523	0.0101988
524	0.0098939
525	0.0095978
526	0.0093103
527	0.0090311
528	0.0087547
529	0.0084789
530	0.0082116
531	0.0079526
532	0.0077017
533	0.0074584
534	0.0072228
535	0.0069945
536	0.0067732
537	0.0065588
538	0.0063511
539	0.0061499
540	0.0059829
541	0.0058227
542	0.0056669
543	0.0055153
544	0.0053679
545	0.0052245
546	0.005085
547	0.0049494
548	0.0048174
549	0.0046891
550	0.0045643
551	0.0044429
552	0.0043635
553	0.0042877
554	0.0042132
555	0.0041401
556	0.0040684
557	0.003998
558	0.0039289
559	0.0038611
560	0.0037946
561	0.0037293
562	0.0036652
563	0.0036023
564	0.0035687
565	0.0035728
566	0.0035768
567	0.0035808
568	0.0035847
569	0.0035886
570	0.0035925
571	0.0035964
572	0.0036002
573	0.003604
574	0.0036077
575	0.0036114
576	0.003615
577	0.0036255
578	0.0036507
579	0.0036759
580	0.0037013
581	0.0037267
582	0.0037523
583	0.0037779
584	0.0038036
585	0.0038294
586	0.0038552
587	0.0038811
588	0.0039071
589	0.0039332
590	0.0039594
591	0.003979
592	0.0039942
593	0.0040093
594	0.0040245
595	0.0040396
596	0.0040547
597	0.0040698
598	0.0040849
599	0.0041
600	0.0041151
601	0.0041302
602	0.0041453
603	0.0041604
604	0.0041755
605	0.0041907
606	0.0042062
607	0.0042217
608	0.0042371
609	0.0042526
610	0.0042681
611	0.0042836
612	0.0042991
613	0.0043145
614	0.00433
615	0.0043455
616	0.0043609
617	0.0043763
618	0.0043916
619	0.004407
620	0.004424
621	0.0044638
622	0.0045038
623	0.004544
624	0.0045845
625	0.0046252
626	0.0046662
627	0.0047074
628	0.0047489
629	0.0047906
630	0.0048325
631	0.0048747
632	0.0049171
633	0.0049597
634	0.0050026
635	0.0050457
636	0.00508
637	0.0050733
638	0.0050666
639	0.0050599
640	0.0050532
641	0.0050466
642	0.00504
643	0.0050334
644	0.0050267
645	0.0050201
646	0.0050134
647	0.0050066
648	0.0049999
649	0.0049932
650	0.0049865
651	0.0049798
652	0.0049731
653	0.0049051
654	0.0047651
655	0.0046295
656	0.0044979
657	0.0043704
658	0.0042468
659	0.0041269
660	0.0040106
661	0.0038978
662	0.0037884
663	0.0036823
664	0.0035794
665	0.0034796
666	0.0033829
667	0.0032891
668	0.003198
669	0.0031097
670	0.003024
671	0.0029287
672	0.0028338
673	0.0027421
674	0.0026537
675	0.0025683
676	0.0024858
677	0.0024062
678	0.0023293
679	0.0022551
680	0.0021834
681	0.0021141
682	0.0020472
683	0.0019825
684	0.00192
685	0.0018597
686	0.0018014
687	0.0017451
688	0.0016907
689	0.0016411
690	0.0016055
691	0.0015707
692	0.0015368
693	0.0015037
694	0.0014714
695	0.0014398
696	0.001409
697	0.001379
698	0.0013496
699	0.0013209
700	0.001293
701	0.0012656
702	0.001239
703	0.0012129
704	0.0011874
705	0.0011626
706	0.0011383
707	0.0011146
708	0.0010914
709	0.0010708
710	0.0010524
711	0.0010343
712	0.0010166
713	0.0009993
714	0.0009823
715	0.0009656
716	0.0009492
717	0.0009332
718	0.0009174
719	0.000902
720	0.0008868
721	0.000872
722	0.0008574
723	0.0008431
724	0.0008291
725	0.0008153
726	0.0008018
727	0.0007885
728	0.0007755
729	0.0007628
730	0.0007518
731	0.0007417
732	0.0007318
733	0.0007221
734	0.0007125
735	0.000703
736	0.0006937
737	0.0006845
738	0.0006755
739	0.0006666
740	0.0006579
741	0.0006493
742	0.0006408
743	0.0006324
744	0.0006242
745	0.0006161
746	0.0006082
747	0.0006003
748	0.0005926
749	0.0005849
750	0.0005774
751	0.00057
752	0.0005633
753	0.000557
754	0.0005508
755	0.0005447
756	0.0005387
757	0.0005328
758	0.0005269
759	0.0005211
760	0.0005154
761	0.0005098
762	0.0005042
763	0.0004987
764	0.0004933
765	0.000488
766	0.0004827
767	0.0004775
768	0.0004723
769	0.0004673
770	0.0004623
771	0.0004573
772	0.0004524
773	0.0004476
774	0.0004429
775	0.0004382
776	0.0004335
777	0.0004289
778	0.0004244
779	0.00042
780	0.0004156
781	0.0004112
782	0.0004069
783	0.0004027
784	0.0003985
785	0.0003944
786	0.0003903
787	0.0003863
788	0.0003823
789	0.0003783
790	0.0003745
791	0.0003706
792	0.0003668
793	0.0003631
794	0.0003594
795	0.0003557
796	0.0003521
797	0.0003486
798	0.0003451
799	0.0003416
800	0.0003382
801	0.0003353
802	0.0003324
803	0.0003295
804	0.0003266
805	0.0003238
806	0.000321
807	0.0003183
808	0.0003156
809	0.0003129
810	0.0003102
811	0.0003076
812	0.000305
813	0.0003024
814	0.0002998
815	0.0002973
816	0.0002948
817	0.0002923
818	0.0002899
819	0.0002874
820	0.0002851
821	0.0002827
822	0.0002803
823	0.000278
824	0.0002757
825	0.0002734
826	0.0002711
827	0.0002692
828	0.0002677
829	0.0002662
830	0.0002647
831	0.0002632
832	0.0002618
833	0.0002603
834	0.0002588
835	0.0002574
836	0.000256
837	0.0002546
838	0.0002532
839	0.0002518
840	0.0002504
841	0.000249
842	0.0002476
843	0.0002463
844	0.0002449
845	0.0002436
846	0.0002423
847	0.0002409
848	0.0002396
849	0.0002383
850	0.000237
851	0.0002358
852	0.0002345
853	0.0002332
854	0.000232
855	0.0002307
856	0.0002296
857	0.0002285
858	0.0002274
859	0.0002263
860	0.0002252
861	0.0002242
862	0.0002231
863	0.000222
864	0.000221
865	0.0002199
866	0.0002189
867	0.0002179
868	0.0002168
869	0.0002158
870	0.0002148
871	0.0002138
872	0.0002128
873	0.0002118
874	0.0002108
875	0.0002098
876	0.0002089
877	0.0002079
878	0.0002069
879	0.000206
880	0.000205
881	0.0002041
882	0.0002031
883	0.0002022
884	0.0002013
885	0.0002004
886	0.0001994
887	0.0001982
888	0.0001971
889	0.000196
890	0.0001949
891	0.0001938
892	0.0001927
893	0.0001917
894	0.0001906
895	0.0001895
896	0.0001885
897	0.0001874
898	0.0001864
899	0.0001854
900	0.0001843
901	0.0001833
902	0.0001823
903	0.0001813
904	0.0001803
905	0.0001793
906	0.0001783
907	0.0001774
908	0.0001764
909	0.0001754
910	0.0001745
911	0.0001735
912	0.0001726
913	0.0001717
914	0.0001708
915	0.0001698
916	0.0001689
917	0.000168
918	0.0001671
919	0.0001663
920	0.0001654
921	0.0001646
922	0.0001638
923	0.000163
924	0.0001622
925	0.0001614
926	0.0001606
927	0.0001598
928	0.000159
929	0.0001583
930	0.0001575
931	0.0001567
932	0.000156
933	0.0001552
934	0.0001544
935	0.0001537
936	0.000153
937	0.0001522
938	0.0001515
939	0.0001508
940	0.00015
941	0.0001493
942	0.0001486
943	0.0001479
944	0.0001472
945	0.0001465
946	0.0001458
947	0.0001451
948	0.0001444
949	0.0001437
950	0.0001431
951	0.0001424
952	0.0001417
953	0.000141
954	0.0001404
955	0.00014
956	0.0001396
957	0.0001392
958	0.0001388
959	0.0001384
960	0.000138
961	0.0001376
962	0.0001372
963	0.0001368
964	0.0001364
965	0.000136
966	0.0001356
967	0.0001352
968	0.0001349
969	0.0001345
970	0.0001341
971	0.0001337
972	0.0001333
973	0.0001329
974	0.0001326
975	0.0001322
976	0.0001318
977	0.0001314
978	0.0001311
979	0.0001307
980	0.0001303
981	0.00013
982	0.0001296
983	0.0001292
984	0.0001289
985	0.0001285
986	0.0001281
987	0.0001278
988	0.0001274
989	0.0001271
990	0.0001267
991	0.0001264
992	0.000126
993	0.0001256
994	0.0001252
995	0.0001248
996	0.0001244
997	0.000124
998	0.0001236
999	0.0001233
1000	0.0001229
1001	0.0001225
1002	0.0001221
1003	0.0001217
1004	0.0001213
1005	0.000121
1006	0.0001206
1007	0.0001202
1008	0.0001198
1009	0.0001195
1010	0.0001191
1011	0.0001187
1012	0.0001184
1013	0.000118
1014	0.0001177
1015	0.0001173
1016	0.0001169
1017	0.0001166
1018	0.0001162
1019	0.0001159
1020	0.0001155
1021	0.0001152
1022	0.0001148
1023	0.0001145
1024	0.0001141
1025	0.0001138
1026	0.0001134
1027	0.0001131
1028	0.0001127
1029	0.0001124
1030	0.000112
1031	0.0001117
1032	0.0001114
1033	0.000111
1034	0.0001105
1035	0.0001099
1036	0.0001093
1037	0.0001088
1038	0.0001082
1039	0.0001076
1040	0.0001071
1041	0.0001065
1042	0.000106
1043	0.0001054
1044	0.0001049
1045	0.0001043
1046	0.0001038
1047	0.0001032
1048	0.0001027
1049	0.0001022
1050	0.0001016
1051	0.0001011
1052	0.0001006
1053	0.0001001
1054	9.96e-05
1055	9.91e-05
1056	9.86e-05
1057	9.8e-05
1058	9.75e-05
1059	9.71e-05
1060	9.66e-05
1061	9.61e-05
1062	9.56e-05
1063	9.51e-05
1064	9.46e-05
1065	9.41e-05
1066	9.37e-05
1067	9.32e-05
1068	9.27e-05
1069	9.23e-05
1070	9.18e-05
1071	9.13e-05
1072	9.09e-05
1073	9.04e-05
1074	9e-05
1075	8.95e-05
1076	8.91e-05
1077	8.86e-05
1078	8.82e-05
1079	8.78e-05
1080	8.74e-05
1081	8.7e-05
1082	8.66e-05
1083	8.61e-05
1084	8.57e-05
1085	8.53e-05
1086	8.49e-05
1087	8.45e-05
1088	8.42e-05
1089	8.38e-05
1090	8.34e-05
1091	8.3e-05
1092	8.26e-05
1093	8.22e-05
1094	8.18e-05
1095	8.15e-05
1096	8.11e-05
1097	8.07e-05
1098	8.03e-05
1099	8e-05
1100	7.96e-05
1101	7.93e-05
1102	7.89e-05
1103	7.85e-05
1104	7.82e-05
1105	7.78e-05
1106	7.75e-05
1107	7.71e-05
1108	7.68e-05
1109	7.64e-05
1110	7.61e-05
1111	7.57e-05
1112	7.54e-05
1113	7.51e-05
1114	7.47e-05
1115	7.44e-05
1116	7.4e-05
1117	7.37e-05
1118	7.34e-05
1119	7.31e-05
1120	7.27e-05
1121	7.24e-05
1122	7.21e-05
1123	7.18e-05
1124	7.15e-05
1125	7.11e-05
1126	7.08e-05
1127	7.05e-05
1128	7.02e-05
1129	6.99e-05
1130	6.97e-05
1131	6.94e-05
1132	6.91e-05
1133	6.88e-05
1134	6.85e-05
1135	6.83e-05
1136	6.8e-05
1137	6.77e-05
1138	6.74e-05
1139	6.72e-05
1140	6.69e-05
1141	6.66e-05
1142	6.64e-05
1143	6.61e-05
1144	6.58e-05
1145	6.56e-05
1146	6.53e-05
1147	6.5e-05
1148	6.48e-05
1149	6.45e-05
1150	6.43e-05
1151	6.4e-05
1152	6.38e-05
1153	6.35e-05
1154	6.33e-05
1155	6.3e-05
1156	6.28e-05
1157	6.25e-05
1158	6.23e-05
1159	6.2e-05
1160	6.18e-05
1161	6.16e-05
1162	6.13e-05
1163	6.11e-05
1164	6.08e-05
1165	6.06e-05
1166	6.04e-05
1167	6.01e-05
1168	5.99e-05
1169	5.97e-05
1170	5.95e-05
1171	5.92e-05
1172	5.9e-05
1173	5.88e-05
1174	5.85e-05
1175	5.83e-05
1176	5.81e-05
1177	5.79e-05
1178	5.77e-05
1179	5.74e-05
1180	5.72e-05
1181	5.7e-05
1182	5.7e-05
1183	5.7e-05
1184	5.7e-05
1185	5.69e-05
1186	5.69e-05
1187	5.69e-05
1188	5.69e-05
1189	5.68e-05
1190	5.68e-05
1191	5.68e-05
1192	5.68e-05
1193	5.67e-05
1194	5.67e-05
1195	5.67e-05
1196	5.67e-05
1197	5.66e-05
1198	5.66e-05
1199	5.66e-05
1200	5.66e-05
1201	5.65e-05
1202	5.65e-05
1203	5.65e-05
1204	5.64e-05
1205	5.64e-05
1206	5.64e-05
1207	5.64e-05
1208	5.63e-05
1209	5.63e-05
1210	5.63e-05
1211	5.63e-05
1212	5.62e-05
1213	5.62e-05
1214	5.62e-05
1215	5.62e-05
1216	5.61e-05
1217	5.61e-05
1218	5.61e-05
1219	5.61e-05
1220	5.6e-05
1221	5.6e-05
1222	5.6e-05
1223	5.6e-05
1224	5.59e-05
1225	5.59e-05
1226	5.59e-05
1227	5.58e-05
1228	5.58e-05
1229	5.58e-05
1230	5.58e-05
1231	5.57e-05
1232	5.57e-05
1233	5.57e-05
1234	5.57e-05
1235	5.56e-05
1236	5.56e-05
1237	5.56e-05
1238	5.56e-05
1239	5.55e-05
1240	5.56e-05
1241	5.6e-05
1242	5.64e-05
1243	5.68e-05
1244	5.72e-05
1245	5.76e-05
1246	5.81e-05
1247	5.85e-05
1248	5.89e-05
1249	5.93e-05
1250	5.98e-05
1251	6.02e-05
1252	6.06e-05
1253	6.11e-05
1254	6.15e-05
1255	6.2e-05
1256	6.24e-05
1257	6.28e-05
1258	6.33e-05
1259	6.38e-05
1260	6.42e-05
1261	6.47e-05
1262	6.51e-05
1263	6.56e-05
1264	6.61e-05
1265	6.65e-05
1266	6.7e-05
1267	6.75e-05
1268	6.79e-05
1269	6.84e-05
1270	6.89e-05
1271	6.94e-05
1272	6.99e-05
1273	7.04e-05
1274	7.08e-05
1275	7.13e-05
1276	7.18e-05
1277	7.23e-05
1278	7.28e-05
1279	7.33e-05
1280	7.38e-05
1281	7.44e-05
1282	7.49e-05
1283	7.54e-05
1284	7.59e-05
1285	7.64e-05
1286	7.69e-05
1287	7.75e-05
1288	7.8e-05
1289	7.85e-05
1290	7.91e-05
1291	7.96e-05
1292	8.01e-05
1293	8.07e-05
1294	8.12e-05
1295	8.18e-05
1296	8.23e-05
1297	8.29e-05
1298	8.34e-05
1299	8.4e-05
1300	8.46e-05
1301	8.51e-05
1302	8.57e-05
1303	8.63e-05
1304	8.69e-05
1305	8.74e-05
1306	8.8e-05
1307	8.85e-05
1308	8.91e-05
1309	8.96e-05
1310	9.02e-05
1311	9.07e-05
1312	9.13e-05
1313	9.18e-05
1314	9.24e-05
1315	9.3e-05
1316	9.35e-05
1317	9.41e-05
1318	9.47e-05
1319	9.53e-05
1320	9.58e-05
1321	9.64e-05
1322	9.7e-05
1323	9.76e-05
1324	9.82e-05
1325	9.88e-05
1326	9.94e-05
1327	0.0001
1328	0.0001006
1329	0.0001012
1330	0.0001018
1331	0.0001024
1332	0.000103
1333	0.0001036
1334	0.0001042
1335	0.0001048
1336	0.0001055
1337	0.0001061
1338	0.0001067
1339	0.0001074
1340	0.000108
1341	0.0001086
1342	0.0001093
1343	0.0001099
1344	0.0001105
1345	0.0001112
1346	0.0001118
1347	0.0001125
1348	0.0001131
1349	0.0001138
1350	0.0001145
1351	0.0001151
1352	0.0001158
1353	0.0001165
1354	0.0001171
1355	0.0001178
1356	0.0001185
1357	0.0001192
1358	0.0001198
1359	0.0001205
1360	0.0001212
1361	0.0001219
1362	0.0001226
1363	0.0001233
1364	0.000124
1365	0.0001247
1366	0.0001254
1367	0.0001261
1368	0.0001268
1369	0.0001275
1370	0.0001283
1371	0.000129
1372	0.0001297
1373	0.0001304
1374	0.0001312
1375	0.0001319
1376	0.0001326
1377	0.0001334
1378	0.0001338
1379	0.0001338
1380	0.0001338
1381	0.0001337
1382	0.0001337
1383	0.0001337
1384	0.0001336
1385	0.0001336
1386	0.0001336
1387	0.0001335
1388	0.0001335
1389	0.0001335
1390	0.0001334
1391	0.0001334
1392	0.0001334
1393	0.0001333
1394	0.0001333
1395	0.0001333
1396	0.0001332
1397	0.0001332
1398	0.0001332
1399	0.0001331
1400	0.0001331
1401	0.000133
1402	0.000133
1403	0.000133
1404	0.0001329
1405	0.0001329
1406	0.0001329
1407	0.0001328
1408	0.0001328
1409	0.0001328
1410	0.0001327
1411	0.0001327
1412	0.0001327
1413	0.0001326
1414	0.0001326
1415	0.0001325
1416	0.0001325
1417	0.0001325
1418	0.0001324
1419	0.0001324
1420	0.0001324
1421	0.0001323
1422	0.0001323
1423	0.0001323
1424	0.0001322
1425	0.0001322
1426	0.0001321
1427	0.0001321
1428	0.0001321
1429	0.000132
1430	0.000132
1431	0.000132
1432	0.0001319
1433	0.0001319
1434	0.0001319
1435	0.0001318
1436	0.0001318
1437	0.0001317
1438	0.0001317
1439	0.0001317
1440	0.0001316
1441	0.0001316
1442	0.0001316
1443	0.0001315
1444	0.0001315
1445	0.0001314
1446	0.0001314
1447	0.0001314
1448	0.0001313
1449	0.0001313
1450	0.0001313
1451	0.0001312
1452	0.0001312
1453	0.0001311
1454	0.0001311
1455	0.0001311
1456	0.000131
1457	0.000131
1458	0.000131
1459	0.0001308
1460	0.0001306
1461	0.0001304
1462	0.0001302
1463	0.00013
1464	0.0001298
1465	0.0001295
1466	0.0001293
1467	0.0001291
1468	0.0001289
1469	0.0001287
1470	0.0001285
1471	0.0001282
1472	0.000128
1473	0.0001278
1474	0.0001276
1475	0.0001274
1476	0.0001272
1477	0.000127
1478	0.0001268
1479	0.0001265
1480	0.0001263
1481	0.0001261
1482	0.0001259
1483	0.0001257
1484	0.0001255
1485	0.0001253
1486	0.0001251
1487	0.0001249
1488	0.0001247
1489	0.0001245
1490	0.0001242
1491	0.000124
1492	0.0001238
1493	0.0001236
1494	0.0001234
1495	0.0001232
1496	0.000123
1497	0.0001228
1498	0.0001226
1499	0.0001224
1500	0.0001222
1501	0.000122
1502	0.0001218
1503	0.0001216
1504	0.0001214
1505	0.0001212
1506	0.000121
1507	0.0001208
1508	0.0001206
1509	0.0001204
1510	0.0001203
1511	0.0001201
1512	0.0001199
1513	0.0001197
1514	0.0001195
1515	0.0001193
1516	0.0001191
1517	0.0001189
1518	0.0001187
1519	0.0001185
1520	0.0001183
1521	0.0001181
1522	0.0001179
1523	0.0001178
1524	0.0001176
1525	0.0001174
1526	0.0001172
1527	0.000117
1528	0.0001168
1529	0.0001166
1530	0.0001164
1531	0.0001163
1532	0.0001161
1533	0.0001159
1534	0.0001157
1535	0.0001155
1536	0.0001153
1537	0.0001151
1538	0.000115
1539	0.0001148
1540	0.0001146
1541	0.0001144
1542	0.0001142
1543	0.0001141
1544	0.0001139
1545	0.0001137
1546	0.0001135
1547	0.0001133
1548	0.0001132
1549	0.000113
1550	0.0001128
1551	0.0001127
1552	0.0001125
1553	0.0001124
1554	0.0001123
1555	0.0001121
1556	0.000112
1557	0.0001119
1558	0.0001117
1559	0.0001116
1560	0.0001115
1561	0.0001114
1562	0.0001112
1563	0.0001111
1564	0.000111
1565	0.0001108
1566	0.0001107
1567	0.0001106
1568	0.0001104
1569	0.0001103
1570	0.0001102
1571	0.0001101
1572	0.0001099
1573	0.0001098
1574	0.0001097
1575	0.0001095
1576	0.0001094
1577	0.0001093
1578	0.0001092
1579	0.000109
1580	0.0001089
1581	0.0001088
1582	0.0001087
1583	0.0001085
1584	0.0001084
1585	0.0001083
1586	0.0001081
1587	0.000108
1588	0.0001079
1589	0.0001078
1590	0.0001076
1591	0.0001075
1592	0.0001074
1593	0.0001073
1594	0.0001071
1595	0.000107
1596	0.0001069
1597	0.0001068
1598	0.0001066
1599	0.0001065
1600	0.0001064
1601	0.0001063
1602	0.0001062
1603	0.000106
1604	0.0001059
1605	0.0001058
1606	0.0001057
1607	0.0001056
1608	0.0001054
1609	0.0001053
1610	0.0001052
1611	0.0001051
1612	0.0001049
1613	0.0001048
1614	0.0001047
1615	0.0001046
1616	0.0001045
1617	0.0001044
1618	0.0001042
1619	0.0001041
1620	0.000104
1621	0.0001039
1622	0.0001038
1623	0.0001036
1624	0.0001035
1625	0.0001034
1626	0.0001033
1627	0.0001032
1628	0.0001031
1629	0.0001029
1630	0.0001028
1631	0.0001027
1632	0.0001026
1633	0.0001025
1634	0.0001024
1635	0.0001022
1636	0.0001021
1637	0.000102
1638	0.0001019
1639	0.0001018
1640	0.0001017
1641	0.0001015
1642	0.0001014
1643	0.0001013
1644	0.0001012
1645	0.0001011
1646	0.000101
1647	0.0001009
1648	0.0001007
1649	0.0001006
1650	0.0001005
1651	0.0001004
1652	0.0001003
1653	0.0001002
1654	0.0001001
1655	0.0001
1656	9.98e-05
1657	9.97e-05
1658	9.96e-05
1659	9.95e-05
1660	9.94e-05
1661	9.93e-05
1662	9.92e-05
1663	9.91e-05
1664	9.89e-05
1665	9.88e-05
1666	9.87e-05
1667	9.86e-05
1668	9.85e-05
1669	9.84e-05
1670	9.83e-05
1671	9.82e-05
1672	9.8e-05
1673	9.79e-05
1674	9.78e-05
1675	9.77e-05
1676	9.76e-05
1677	9.75e-05
1678	9.74e-05
1679	9.73e-05
1680	9.72e-05
1681	9.7e-05
1682	9.69e-05
1683	9.68e-05
1684	9.67e-05
1685	9.66e-05
1686	9.65e-05
1687	9.64e-05
1688	9.63e-05
1689	9.62e-05
1690	9.61e-05
1691	9.6e-05
1692	9.59e-05
1693	9.58e-05
1694	9.56e-05
1695	9.55e-05
1696	9.54e-05
1697	9.53e-05
1698	9.52e-05
1699	9.51e-05
1700	9.5e-05
1701	9.49e-05
1702	9.48e-05
1703	9.47e-05
1704	9.46e-05
1705	9.45e-05
1706	9.44e-05
1707	9.43e-05
1708	9.42e-05
1709	9.41e-05
1710	9.4e-05
1711	9.38e-05
1712	9.37e-05
1713	9.36e-05
1714	9.35e-05
1715	9.34e-05
1716	9.33e-05
1717	9.32e-05
1718	9.31e-05
1719	9.3e-05
1720	9.29e-05
1721	9.28e-05
1722	9.27e-05
1723	9.26e-05
1724	9.25e-05
1725	9.24e-05
1726	9.23e-05
1727	9.22e-05
1728	9.21e-05
1729	9.2e-05
1730	9.19e-05
1731	9.18e-05
1732	9.17e-05
1733	9.16e-05
1734	9.15e-05
1735	9.14e-05
1736	9.13e-05
1737	9.12e-05
1738	9.11e-05
1739	9.1e-05
1740	9.09e-05
1741	9.08e-05
1742	9.07e-05
1743	9.06e-05
1744	9.05e-05
1745	9.04e-05
1746	9.03e-05
1747	9.02e-05
1748	9.01e-05
1749	9e-05
1750	8.99e-05
1751	8.98e-05
1752	8.97e-05
1753	8.96e-05
1754	8.95e-05
1755	8.94e-05
1756	8.93e-05
1757	8.92e-05
1758	8.91e-05
1759	8.9e-05
1760	8.9e-05
1761	8.89e-05
1762	8.88e-05
1763	8.87e-05
1764	8.86e-05
1765	8.85e-05
1766	8.84e-05
1767	8.83e-05
1768	8.82e-05
1769	8.81e-05
1770	8.8e-05
1771	8.79e-05
1772	8.78e-05
1773	8.77e-05
1774	8.77e-05
1775	8.76e-05
1776	8.75e-05
1777	8.74e-05
1778	8.73e-05
1779	8.73e-05
1780	8.72e-05
1781	8.71e-05
1782	8.7e-05
1783	8.69e-05
1784	8.69e-05
1785	8.68e-05
1786	8.67e-05
1787	8.66e-05
1788	8.66e-05
1789	8.65e-05
1790	8.64e-05
1791	8.63e-05
1792	8.62e-05
1793	8.62e-05
1794	8.61e-05
1795	8.6e-05
1796	8.59e-05
1797	8.59e-05
1798	8.58e-05
1799	8.57e-05
1800	8.56e-05
1801	8.56e-05
1802	8.55e-05
1803	8.54e-05
1804	8.53e-05
1805	8.52e-05
1806	8.52e-05
1807	8.51e-05
1808	8.5e-05
1809	8.49e-05
1810	8.49e-05
1811	8.48e-05
1812	8.47e-05
1813	8.46e-05
1814	8.46e-05
1815	8.45e-05
1816	8.44e-05
1817	8.43e-05
1818	8.43e-05
1819	8.42e-05
1820	8.41e-05
1821	8.4e-05
1822	8.4e-05
1823	8.39e-05
1824	8.38e-05
1825	8.37e-05
1826	8.37e-05
1827	8.36e-05
1828	8.35e-05
1829	8.34e-05
1830	8.34e-05
1831	8.33e-05
1832	8.32e-05
1833	8.31e-05
1834	8.31e-05
1835	8.3e-05
1836	8.29e-05
1837	8.28e-05
1838	8.28e-05
1839	8.27e-05
1840	8.26e-05
1841	8.26e-05
1842	8.25e-05
1843	8.24e-05
1844	8.23e-05
1845	8.23e-05
1846	8.22e-05
1847	8.21e-05
1848	8.2e-05
1849	8.2e-05
1850	8.19e-05
1851	8.18e-05
1852	8.18e-05
1853	8.17e-05
1854	8.16e-05
1855	8.15e-05
1856	8.15e-05
1857	8.14e-05
1858	8.13e-05
1859	8.13e-05
1860	8.12e-05
1861	8.11e-05
1862	8.1e-05
1863	8.1e-05
1864	8.09e-05
1865	8.08e-05
1866	8.08e-05
1867	8.07e-05
1868	8.06e-05
1869	8.05e-05
1870	8.05e-05
1871	8.04e-05
1872	8.03e-05
1873	8.03e-05
1874	8.02e-05
1875	8.01e-05
1876	8.01e-05
1877	8e-05
1878	7.99e-05
1879	7.98e-05
1880	7.98e-05
1881	7.97e-05
1882	7.96e-05
1883	7.96e-05
1884	7.95e-05
1885	7.94e-05
1886	7.94e-05
1887	7.93e-05
1888	7.92e-05
1889	7.92e-05
1890	7.91e-05
1891	7.9e-05
1892	7.9e-05
1893	7.89e-05
1894	7.88e-05
1895	7.87e-05
1896	7.87e-05
1897	7.86e-05
1898	7.85e-05
1899	7.85e-05
1900	7.84e-05
1901	7.83e-05
1902	7.83e-05
1903	7.82e-05
1904	7.81e-05
1905	7.81e-05
1906	7.8e-05
1907	7.79e-05
1908	7.79e-05
1909	7.78e-05
1910	7.77e-05
1911	7.77e-05
1912	7.76e-05
1913	7.75e-05
1914	7.75e-05
1915	7.74e-05
1916	7.73e-05
1917	7.73e-05
1918	7.72e-05
1919	7.71e-05
1920	7.71e-05
1921	7.7e-05
1922	7.69e-05
1923	7.69e-05
1924	7.68e-05
1925	7.67e-05
1926	7.67e-05
1927	7.66e-05
1928	7.65e-05
1929	7.65e-05
1930	7.64e-05
1931	7.63e-05
1932	7.63e-05
1933	7.62e-05
1934	7.61e-05
1935	7.61e-05
1936	7.6e-05
1937	7.59e-05
1938	7.59e-05
1939	7.58e-05
1940	7.57e-05
1941	7.57e-05
1942	7.56e-05
1943	7.55e-05
1944	7.55e-05
1945	7.54e-05
1946	7.54e-05
1947	7.53e-05
1948	7.52e-05
1949	7.52e-05
1950	7.51e-05
1951	7.5e-05
1952	7.5e-05
1953	7.49e-05
1954	7.48e-05
1955	7.48e-05
1956	7.47e-05
1957	7.47e-05
1958	7.46e-05
1959	7.45e-05
1960	7.45e-05
1961	7.44e-05
1962	7.43e-05
1963	7.43e-05
1964	7.42e-05
1965	7.42e-05
1966	7.41e-05
1967	7.4e-05
1968	7.4e-05
1969	7.39e-05
1970	7.38e-05
1971	7.38e-05
1972	7.37e-05
1973	7.37e-05
1974	7.36e-05
1975	7.35e-05
1976	7.35e-05
1977	7.34e-05
1978	7.33e-05
1979	7.33e-05
1980	7.32e-05
1981	7.32e-05
1982	7.31e-05
1983	7.3e-05
1984	7.3e-05
1985	7.29e-05
1986	7.28e-05
1987	7.28e-05
1988	7.27e-05
1989	7.27e-05
1990	7.26e-05
1991	7.25e-05
1992	7.25e-05
1993	7.24e-05
1994	7.24e-05
1995	7.23e-05
1996	7.22e-05
1997	7.22e-05
1998	7.21e-05
1999	7.21e-05
2000	7.2e-05
2001	7.19e-05
2002	7.19e-05
2003	7.18e-05
2004	7.18e-05
2005	7.17e-05
2006	7.16e-05
2007	7.16e-05
2008	7.15e-05
2009	7.15e-05
2010	7.14e-05
2011	7.13e-05
2012	7.13e-05
2013	7.12e-05
2014	7.12e-05
2015	7.11e-05
2016	7.1e-05
2017	7.1e-05
2018	7.09e-05
2019	7.09e-05
2020	7.08e-05
2021	7.07e-05
2022	7.07e-05
2023	7.06e-05
2024	7.06e-05
2025	7.05e-05
2026	7.05e-05
2027	7.04e-05
2028	7.03e-05
2029	7.03e-05
2030	7.02e-05
2031	7.02e-05
2032	7.01e-05
2033	7e-05
2034	7e-05
2035	6.99e-05
2036	6.99e-05
2037	6.98e-05
2038	6.98e-05
2039	6.97e-05
2040	6.96e-05
2041	6.96e-05
2042	6.95e-05
2043	6.95e-05
2044	6.94e-05
2045	6.94e-05
2046	6.93e-05
2047	6.92e-05
2048	6.92e-05
2049	6.91e-05
2050	6.91e-05
2051	6.9e-05
2052	6.9e-05
2053	6.89e-05
2054	6.88e-05
2055	6.88e-05
2056	6.87e-05
2057	6.87e-05
2058	6.86e-05
2059	6.86e-05
2060	6.85e-05
2061	6.85e-05
2062	6.84e-05
2063	6.83e-05
2064	6.83e-05
2065	6.82e-05
2066	6.82e-05
2067	6.81e-05
2068	6.81e-05
2069	6.8e-05
2070	6.79e-05
2071	6.79e-05
2072	6.78e-05
2073	6.78e-05
2074	6.77e-05
2075	6.77e-05
2076	6.76e-05
2077	6.76e-05
2078	6.75e-05
2079	6.75e-05
2080	6.74e-05
2081	6.73e-05
2082	6.73e-05
2083	6.72e-05
2084	6.72e-05
2085	6.71e-05
2086	6.71e-05
2087	6.7e-05
2088	6.7e-05
2089	6.69e-05
2090	6.69e-05
2091	6.68e-05
2092	6.68e-05
2093	6.67e-05
2094	6.66e-05
2095	6.66e-05
2096	6.65e-05
2097	6.65e-05
2098	6.64e-05
2099	6.64e-05
2100	6.63e-05
2101	6.63e-05
2102	6.62e-05
2103	6.62e-05
2104	6.61e-05
2105	6.61e-05
2106	6.6e-05
2107	6.6e-05
2108	6.59e-05
2109	6.58e-05
2110	6.58e-05
2111	6.57e-05
2112	6.57e-05
2113	6.56e-05
2114	6.56e-05
2115	6.55e-05
2116	6.55e-05
2117	6.54e-05
2118	6.54e-05
2119	6.53e-05
2120	6.53e-05
2121	6.52e-05
2122	6.52e-05
2123	6.51e-05
2124	6.51e-05
2125	6.5e-05
2126	6.5e-05
2127	6.49e-05
2128	6.49e-05
2129	6.48e-05
2130	6.48e-05
2131	6.47e-05
2132	6.46e-05
2133	6.46e-05
2134	6.45e-05
2135	6.45e-05
2136	6.44e-05
2137	6.44e-05
2138	6.43e-05
2139	6.43e-05
2140	6.42e-05
2141	6.42e-05
2142	6.41e-05
2143	6.41e-05
2144	6.4e-05
2145	6.4e-05
2146	6.39e-05
2147	6.39e-05
2148	6.38e-05
2149	6.38e-05
2150	6.37e-05
2151	6.37e-05
2152	6.36e-05
2153	6.36e-05
2154	6.35e-05
2155	6.35e-05
2156	6.34e-05
2157	6.34e-05
2158	6.33e-05
2159	6.33e-05
2160	6.32e-05
2161	6.32e-05
2162	6.31e-05
2163	6.31e-05
2164	6.3e-05
2165	6.3e-05
2166	6.29e-05
2167	6.29e-05
2168	6.28e-05
2169	6.28e-05
2170	6.27e-05
2171	6.27e-05
2172	6.26e-05
2173	6.26e-05
2174	6.25e-05
2175	6.25e-05
2176	6.24e-05
2177	6.24e-05
2178	6.23e-05
2179	6.23e-05
2180	6.22e-05
2181	6.22e-05
2182	6.21e-05
2183	6.21e-05
2184	6.21e-05
2185	6.2e-05
2186	6.2e-05
2187	6.19e-05
2188	6.19e-05
2189	6.18e-05
2190	6.18e-05
2191	6.17e-05
2192	6.17e-05
2193	6.16e-05
2194	6.16e-05
2195	6.15e-05
2196	6.15e-05
2197	6.14e-05
2198	6.14e-05
2199	6.13e-05
2200	6.13e-05
2201	6.12e-05
2202	6.12e-05
2203	6.11e-05
2204	6.11e-05
2205	6.1e-05
2206	6.1e-05
2207	6.1e-05
2208	6.09e-05
2209	6.09e-05
2210	6.08e-05
2211	6.08e-05
2212	6.07e-05
2213	6.07e-05
2214	6.06e-05
2215	6.06e-05
2216	6.05e-05
2217	6.05e-05
2218	6.04e-05
2219	6.04e-05
2220	6.03e-05
2221	6.03e-05
2222	6.03e-05
2223	6.02e-05
2224	6.02e-05
2225	6.01e-05
2226	6.01e-05
2227	6e-05
2228	6e-05
2229	5.99e-05
2230	5.99e-05
2231	5.98e-05
2232	5.98e-05
2233	5.97e-05
2234	5.97e-05
2235	5.97e-05
2236	5.96e-05
2237	5.96e-05
2238	5.95e-05
2239	5.95e-05
2240	5.94e-05
2241	5.94e-05
2242	5.93e-05
2243	5.93e-05
2244	5.92e-05
2245	5.92e-05
2246	5.92e-05
2247	5.91e-05
2248	5.91e-05
2249	5.9e-05
2250	5.9e-05
2251	5.89e-05
2252	5.89e-05
2253	5.88e-05
2254	5.88e-05
2255	5.87e-05
2256	5.87e-05
2257	5.87e-05
2258	5.86e-05
2259	5.86e-05
2260	5.85e-05
2261	5.85e-05
2262	5.85e-05
2263	5.84e-05
2264	5.84e-05
2265	5.83e-05
2266	5.83e-05
2267	5.83e-05
2268	5.82e-05
2269	5.82e-05
2270	5.81e-05
2271	5.81e-05
2272	5.8e-05
2273	5.8e-05
2274	5.8e-05
2275	5.79e-05
2276	5.79e-05
2277	5.78e-05
2278	5.78e-05
2279	5.78e-05
2280	5.77e-05
2281	5.77e-05
2282	5.76e-05
2283	5.76e-05
2284	5.76e-05
2285	5.75e-05
2286	5.75e-05
2287	5.74e-05
2288	5.74e-05
2289	5.74e-05
2290	5.73e-05
2291	5.73e-05
2292	5.72e-05
2293	5.72e-05
2294	5.72e-05
2295	5.71e-05
2296	5.71e-05
2297	5.7e-05
2298	5.7e-05
2299	5.7e-05
2300	5.69e-05
2301	5.69e-05
2302	5.68e-05
2303	5.68e-05
2304	5.68e-05
2305	5.67e-05
2306	5.67e-05
2307	5.66e-05
2308	5.66e-05
2309	5.66e-05
2310	5.65e-05
2311	5.65e-05
2312	5.64e-05
2313	5.64e-05
2314	5.64e-05
2315	5.63e-05
2316	5.63e-05
2317	5.62e-05
2318	5.62e-05
2319	5.62e-05
2320	5.61e-05
2321	5.61e-05
2322	5.6e-05
2323	5.6e-05
2324	5.6e-05
2325	5.59e-05
2326	5.59e-05
2327	5.58e-05
2328	5.58e-05
2329	5.58e-05
2330	5.57e-05
2331	5.57e-05
2332	5.57e-05
2333	5.56e-05
2334	5.56e-05
2335	5.55e-05
2336	5.55e-05
2337	5.55e-05
2338	5.54e-05
2339	5.54e-05
2340	5.53e-05
2341	5.53e-05
2342	5.53e-05
2343	5.52e-05
2344	5.52e-05
2345	5.52e-05
2346	5.51e-05
2347	5.51e-05
2348	5.5e-05
2349	5.5e-05
2350	5.5e-05
2351	5.49e-05
2352	5.49e-05
2353	5.49e-05
2354	5.48e-05
2355	5.48e-05
2356	5.47e-05
2357	5.47e-05
2358	5.47e-05
2359	5.46e-05
2360	5.46e-05
2361	5.45e-05
2362	5.45e-05
2363	5.45e-05
2364	5.44e-05
2365	5.44e-05
2366	5.44e-05
2367	5.43e-05
2368	5.43e-05
2369	5.43e-05
2370	5.42e-05
2371	5.42e-05
2372	5.41e-05
2373	5.41e-05
2374	5.41e-05
2375	5.4e-05
2376	5.4e-05
2377	5.4e-05
2378	5.39e-05
2379	5.39e-05
2380	5.38e-05
2381	5.38e-05
2382	5.38e-05
2383	5.37e-05
2384	5.37e-05
2385	5.37e-05
2386	5.36e-05
2387	5.36e-05
2388	5.35e-05
2389	5.35e-05
2390	5.35e-05
2391	5.34e-05
2392	5.34e-05
2393	5.34e-05
2394	5.33e-05
2395	5.33e-05
2396	5.33e-05
2397	5.32e-05
2398	5.32e-05
2399	5.31e-05
2400	5.31e-05
