Wavelength (nm)	Transmittance
210	0.4035886
211	0.4563105
212	0.3746862
213	0.4778123
214	0.3645852
215	0.470241
216	0.3872298
217	0.4255377
218	0.4391563
219	0.3735233
220	0.4780153
221	0.3635397
222	0.450598
223	0.4150723
224	0.3804362
225	0.4754826
226	0.3603309
227	0.4436593
228	0.4249028
229	0.3646015
230	0.4761197
231	0.3734185
232	0.4017493
233	0.462237
234	0.3519504
235	0.4388797
236	0.4295484
237	0.3504605
238	0.4598374
239	0.401411
240	0.356248
241	0.4672396
242	0.3845709
243	0.3604415
244	0.4677424
245	0.3776605
246	0.3587501
247	0.4652241
248	0.3791021
249	0.3501756
250	0.4577204
251	0.3886359
252	0.3377063
253	0.4409757
254	0.4087703
255	0.3288981
256	0.4109489
257	0.4359019
258	0.3323759
259	0.3695433
260	0.4525725
261	0.3567445
262	0.3320498
263	0.4328413
264	0.4037009
265	0.3189155
266	0.374491
267	0.442352
268	0.3464004
269	0.3213828
270	0.4153556
271	0.4103283
272	0.3171468
273	0.3407645
274	0.4332381
275	0.3767199
276	0.3072604
277	0.3592165
278	0.434178
279	0.3560172
280	0.3046768
281	0.3682841
282	0.4308817
283	0.3480737
284	0.302851
285	0.3661763
286	0.4294518
287	0.3513877
288	0.3007508
289	0.3537809
290	0.4286811
291	0.3669123
292	0.3017837
293	0.3333717
294	0.4196001
295	0.3943415
296	0.3128291
297	0.3119571
298	0.3918067
299	0.4238768
300	0.3426278
301	0.3015168
302	0.3483801
303	0.4276447
304	0.3939799
305	0.316938
306	0.3123238
307	0.3842001
308	0.4359508
309	0.3704191
310	0.3105204
311	0.3276702
312	0.4071138
313	0.4359211
314	0.3618862
315	0.3124427
316	0.3375123
317	0.4172539
318	0.4409632
319	0.3682504
320	0.3188949
321	0.3400865
322	0.4172852
323	0.4542815
324	0.3898384
325	0.3311275
326	0.3371199
327	0.4044731
328	0.4652026
329	0.4252279
330	0.3538099
331	0.3344486
332	0.3790802
333	0.4560447
334	0.4660931
335	0.3959771
336	0.3451429
337	0.3538674
338	0.4179453
339	0.482021
340	0.4574853
341	0.3852428
342	0.34968
343	0.3721235
344	0.4416737
345	0.4943958
346	0.4582772
347	0.3881652
348	0.3566208
349	0.3799869
350	0.4475135
351	0.5013698
352	0.4718151
353	0.402253
354	0.3642209
355	0.37746
356	0.4367114
357	0.5008147
358	0.4958312
359	0.430538
360	0.378202
361	0.3713457
362	0.4120406
363	0.4807459
364	0.5156802
365	0.4743109
366	0.4085101
367	0.3736529
368	0.3840124
369	0.4359129
370	0.500521
371	0.5152183
372	0.4630686
373	0.4021054
374	0.3745464
375	0.3894319
376	0.4421179
377	0.5044398
378	0.5188498
379	0.469816
380	0.4096297
381	0.3788757
382	0.3875912
383	0.4332921
384	0.4961834
385	0.5270288
386	0.4939336
387	0.4329782
388	0.3903815
389	0.3831511
390	0.412498
391	0.4697946
392	0.5230144
393	0.5252401
394	0.4753852
395	0.4192082
396	0.3886643
397	0.3922278
398	0.4289228
399	0.4872949
400	0.5332744
401	0.5273771
402	0.4766113
403	0.42328
404	0.3944751
405	0.3974134
406	0.4313611
407	0.487123
408	0.5363793
409	0.5410203
410	0.4981662
411	0.4437309
412	0.4075569
413	0.3999839
414	0.4221314
415	0.4695308
416	0.5249455
417	0.5544759
418	0.5349158
419	0.4840193
420	0.4359422
421	0.4101088
422	0.4117673
423	0.4404982
424	0.4902877
425	0.5422332
426	0.5650045
427	0.5420793
428	0.4925639
429	0.4466678
430	0.4211844
431	0.4210924
432	0.4463305
433	0.4923774
434	0.5446384
435	0.57625
436	0.5667053
437	0.5243804
438	0.47636
439	0.4428129
440	0.4316693
441	0.4444672
442	0.4795166
443	0.5295514
444	0.576928
445	0.5964337
446	0.5768587
447	0.532874
448	0.4879231
449	0.4586548
450	0.4507534
451	0.4652637
452	0.500713
453	0.5503803
454	0.598573
455	0.622664
456	0.6096595
457	0.5696261
458	0.5244953
459	0.490774
460	0.4758509
461	0.4817521
462	0.5079773
463	0.5509778
464	0.6010168
465	0.6403261
466	0.6504112
467	0.6273003
468	0.5852409
469	0.5433506
470	0.513981
471	0.5025499
472	0.5105278
473	0.5372493
474	0.5792697
475	0.6278807
476	0.6677417
477	0.682366
478	0.6664508
479	0.6294189
480	0.5878758
481	0.5548392
482	0.5370502
483	0.536986
484	0.5548845
485	0.5890868
486	0.6346778
487	0.6811384
488	0.7141256
489	0.7210751
490	0.7003464
491	0.6624801
492	0.6220158
493	0.5899682
494	0.572182
495	0.5709528
496	0.586528
497	0.6164152
498	0.6581157
499	0.7037554
500	0.7410617
501	0.757239
502	0.7464971
503	0.7142424
504	0.6728925
505	0.6344525
506	0.6067112
507	0.5925664
508	0.5942313
509	0.6116969
510	0.6434872
511	0.6857488
512	0.7309005
513	0.7675529
514	0.7839591
515	0.7744626
516	0.7433282
517	0.7011095
518	0.6590325
519	0.6258933
520	0.6059142
521	0.6008181
522	0.6109467
523	0.6356339
524	0.6727045
525	0.7173128
526	0.7609109
527	0.792052
528	0.8003492
529	0.7826548
530	0.7456199
531	0.7004835
532	0.6577316
533	0.6242727
534	0.6036292
535	0.5972054
536	0.6053134
537	0.6275119
538	0.662267
539	0.7059664
540	0.7513696
541	0.7884204
542	0.8062518
543	0.7987355
544	0.768336
545	0.7244319
546	0.6779578
547	0.6372846
548	0.6072467
549	0.5900447
550	0.5864315
551	0.596463
552	0.6199562
553	0.6551992
554	0.6988605
555	0.7446993
556	0.7833665
557	0.804583
558	0.8017243
559	0.7757004
560	0.7343214
561	0.6878359
562	0.6447756
563	0.6104626
564	0.587997
565	0.5785584
566	0.5817495
567	0.5974117
568	0.6249285
569	0.6627246
570	0.7074222
571	0.7530125
572	0.790928
573	0.8121081
574	0.8108433
575	0.7878689
576	0.7498577
577	0.7059042
578	0.6639865
579	0.6292027
580	0.6043228
581	0.590531
582	0.5882042
583	0.597331
584	0.6176126
585	0.6482418
586	0.687391
587	0.7315046
588	0.774799
589	0.8096201
590	0.8283868
591	0.8264356
592	0.8046804
593	0.7689411
594	0.726946
595	0.6856811
596	0.6500426
597	0.6228439
598	0.6054254
599	0.5982898
600	0.6015286
601	0.6149979
602	0.6382794
603	0.6703917
604	0.7093414
605	0.7515619
606	0.791609
607	0.8228929
608	0.8391384
609	0.8368218
610	0.8167472
611	0.7836135
612	0.7439381
613	0.7038661
614	0.6679585
615	0.6390336
616	0.6185713
617	0.6072048
618	0.605128
619	0.6123084
620	0.6285607
621	0.6536676
622	0.6862634
623	0.7243643
624	0.7646827
625	0.8025087
626	0.8322172
627	0.8485776
628	0.8485221
629	0.8323616
630	0.8036107
631	0.767562
632	0.7295779
633	0.6939646
634	0.6636341
635	0.6402802
636	0.6246309
637	0.6165639
638	0.6167641
639	0.6251593
640	0.6415237
641	0.6653705
642	0.6957584
643	0.7309986
644	0.7683842
645	0.8040896
646	0.8334784
647	0.8519953
648	0.8564481
649	0.8461101
650	0.8229745
651	0.7909869
652	0.7547715
653	0.7176506
654	0.6825356
655	0.6525951
656	0.6290759
657	0.6126021
658	0.6034254
659	0.6015992
660	0.6070685
661	0.6196843
662	0.6391252
663	0.6647687
664	0.6954754
665	0.729344
666	0.7635245
667	0.794257
668	0.8173009
669	0.8288485
670	0.8266363
671	0.8104
672	0.7827244
673	0.74754
674	0.7090747
675	0.6710248
676	0.6361265
677	0.606137
678	0.5820355
679	0.5642779
680	0.5530171
681	0.548262
682	0.5499522
683	0.5580012
684	0.572266
685	0.5924662
686	0.6180446
687	0.6479789
688	0.6805556
689	0.7133313
690	0.7433037
691	0.7660862
692	0.7781818
693	0.7774169
694	0.7636621
695	0.7388766
696	0.7064471
697	0.670206
698	0.6335922
699	0.5992267
700	0.56884
701	0.5434252
702	0.5234588
703	0.5091042
704	0.5003645
705	0.4971818
706	0.499489
707	0.5072232
708	0.520304
709	0.5387055
710	0.5620886
711	0.589674
712	0.6203145
713	0.6522111
714	0.6828277
715	0.709033
716	0.7275402
717	0.7356281
718	0.7319048
719	0.7167517
720	0.6921963
721	0.6612854
722	0.6272973
723	0.5931118
724	0.5609051
725	0.5321182
726	0.5075836
727	0.4877022
728	0.4726077
729	0.4622897
730	0.4568308
731	0.4560754
732	0.459901
733	0.4682691
734	0.4811332
735	0.4983917
736	0.5198134
737	0.5449323
738	0.5729181
739	0.6024448
740	0.6316055
741	0.6579524
742	0.6787425
743	0.6914116
744	0.6941747
745	0.6865236
746	0.6693763
747	0.6448032
748	0.6154686
749	0.584045
750	0.5528018
751	0.5234266
752	0.4971158
753	0.4744859
754	0.4557821
755	0.4411038
756	0.4304357
757	0.4237135
758	0.4208659
759	0.4218361
760	0.4265895
761	0.4351053
762	0.4473599
763	0.4632869
764	0.482724
765	0.5053382
766	0.5305323
767	0.5573468
768	0.5843834
769	0.6097994
770	0.631428
771	0.6470567
772	0.6548526
773	0.6537827
774	0.6438877
775	0.6262719
776	0.6028169
777	0.5757135
778	0.5470906
779	0.5187321
780	0.491967
781	0.4676835
782	0.4464076
783	0.4284016
784	0.4137553
785	0.4024587
786	0.3944546
787	0.3896728
788	0.3880518
789	0.3895488
790	0.3941411
791	0.4018198
792	0.4125768
793	0.4263783
794	0.4431301
795	0.4626285
796	0.4844975
797	0.5081186
798	0.5325657
799	0.5565698
800	0.5785588
801	0.5968502
802	0.6096322
803	0.6155473
804	0.6138924
805	0.604786
806	0.5891385
807	0.5684332
808	0.5444206
809	0.5188191
810	0.4931089
811	0.4684352
812	0.4456005
813	0.4251127
814	0.4072529
815	0.3921431
816	0.3798047
817	0.370203
818	0.3632787
819	0.3589694
820	0.357222
821	0.3580007
822	0.3612846
823	0.3670694
824	0.3753568
825	0.3861424
826	0.3993963
827	0.4151166
828	0.4331616
829	0.4531194
830	0.4745026
831	0.4965985
832	0.5184402
833	0.5388249
834	0.5563895
835	0.569759
836	0.5777512
837	0.5795911
838	0.5750697
839	0.5645871
840	0.5490652
841	0.5297611
842	0.5080552
843	0.4852544
844	0.4624707
845	0.440567
846	0.4201582
847	0.4016436
848	0.3852539
849	0.3710979
850	0.3592038
851	0.3495513
852	0.3420954
853	0.3367838
854	0.3335667
855	0.332405
856	0.3333059
857	0.3362255
858	0.3411606
859	0.3481172
860	0.3571005
861	0.3681031
862	0.3810909
863	0.3959797
864	0.4126103
865	0.4307175
866	0.4498972
867	0.4695789
868	0.4890112
869	0.507273
870	0.5233277
871	0.5361086
872	0.5446652
873	0.5482987
874	0.546686
875	0.539939
876	0.5285821
877	0.5134564
878	0.4955797
879	0.4760046
880	0.4557041
881	0.4355009
882	0.4160361
883	0.3977754
884	0.3810307
885	0.365991
886	0.3527184
887	0.341231
888	0.3315734
889	0.3237133
890	0.3176082
891	0.3132142
892	0.3104921
893	0.3094108
894	0.3099491
895	0.312096
896	0.3158497
897	0.3212147
898	0.3281976
899	0.3368012
900	0.3470154
901	0.358808
902	0.3721063
903	0.3867828
904	0.4026336
905	0.4193577
906	0.4365386
907	0.4536338
908	0.4699791
909	0.4848142
910	0.497336
911	0.5067791
912	0.5125001
913	0.5140772
914	0.5113732
915	0.5045572
916	0.4940772
917	0.4805879
918	0.4648612
919	0.4477112
920	0.4298739
921	0.4119758
922	0.3945353
923	0.377943
924	0.3624745
925	0.3483095
926	0.3355525
927	0.3242525
928	0.3144198
929	0.3060402
930	0.299085
931	0.2935187
932	0.2893066
933	0.2864157
934	0.2848194
935	0.2844979
936	0.2854385
937	0.2876359
938	0.2910909
939	0.2958086
940	0.3017957
941	0.3090572
942	0.3175906
943	0.3273797
944	0.3383863
945	0.3505394
946	0.3637237
947	0.3777652
948	0.3924219
949	0.407368
950	0.4221922
951	0.4363984
952	0.4494294
953	0.4606938
954	0.4696574
955	0.4758899
956	0.4789115
957	0.4785304
958	0.4747609
959	0.4678199
960	0.4580993
961	0.4461125
962	0.432434
963	0.4176424
964	0.4022833
965	0.386827
966	0.3716666
967	0.3571025
968	0.3433615
969	0.3305952
970	0.3189042
971	0.3083415
972	0.2989288
973	0.2906679
974	0.2835425
975	0.2775313
976	0.2726064
977	0.2687417
978	0.2659116
979	0.264095
980	0.2632748
981	0.2634399
982	0.264583
983	0.2667017
984	0.2697988
985	0.2738785
986	0.2789478
987	0.2850132
988	0.2920752
989	0.3001305
990	0.3091599
991	0.3191313
992	0.32998
993	0.3415959
994	0.3538692
995	0.3666242
996	0.3796251
997	0.3925847
998	0.4051538
999	0.4169424
1000	0.4275243
1001	0.4364743
1002	0.4433914
1003	0.447943
1004	0.4498956
1005	0.4491401
1006	0.4457067
1007	0.4397603
1008	0.4315794
1009	0.4215292
1010	0.4100195
1011	0.3974774
1012	0.3843074
1013	0.3708804
1014	0.3575097
1015	0.3444565
1016	0.3319203
1017	0.3200538
1018	0.3089615
1019	0.2987111
1020	0.2893444
1021	0.2808777
1022	0.2733144
1023	0.2666441
1024	0.2608521
1025	0.2559177
1026	0.251821
1027	0.2485405
1028	0.246058
1029	0.2443569
1030	0.243424
1031	0.2432489
1032	0.2438256
1033	0.2451511
1034	0.2471166
1035	0.2498034
1036	0.2532446
1037	0.2574434
1038	0.2624044
1039	0.2681279
1040	0.2746127
1041	0.2818477
1042	0.2898152
1043	0.2984803
1044	0.3077944
1045	0.3176819
1046	0.3280447
1047	0.3387483
1048	0.3496281
1049	0.3604772
1050	0.3710565
1051	0.3810955
1052	0.3902973
1053	0.3983613
1054	0.4049918
1055	0.4099277
1056	0.4129568
1057	0.4139402
1058	0.4128221
1059	0.4096373
1060	0.404507
1061	0.397626
1062	0.3892476
1063	0.3796575
1064	0.3691583
1065	0.3580448
1066	0.3465909
1067	0.335044
1068	0.3236105
1069	0.3124639
1070	0.301737
1071	0.2915333
1072	0.2819246
1073	0.2729618
1074	0.2646727
1075	0.2570732
1076	0.2501649
1077	0.2439441
1078	0.2383988
1079	0.2335277
1080	0.2293037
1081	0.225708
1082	0.2227255
1083	0.2203409
1084	0.2185414
1085	0.2173155
1086	0.2166542
1087	0.2165508
1088	0.2170004
1089	0.2180009
1090	0.2195514
1091	0.2216534
1092	0.2243089
1093	0.2275218
1094	0.2312945
1095	0.2356308
1096	0.2405304
1097	0.2459921
1098	0.2520102
1099	0.2585705
1100	0.265654
1101	0.2732272
1102	0.2812474
1103	0.289652
1104	0.2983641
1105	0.3072816
1106	0.3162844
1107	0.325225
1108	0.3339382
1109	0.3422354
1110	0.3499183
1111	0.3567786
1112	0.3626149
1113	0.3672411
1114	0.3704971
1115	0.3722643
1116	0.3724713
1117	0.371102
1118	0.3681959
1119	0.3638443
1120	0.3581848
1121	0.3513879
1122	0.3436488
1123	0.3351703
1124	0.3261576
1125	0.3168027
1126	0.3072842
1127	0.2977573
1128	0.2883715
1129	0.2792229
1130	0.2703943
1131	0.2619542
1132	0.2539512
1133	0.2464215
1134	0.2393857
1135	0.2328572
1136	0.2268391
1137	0.2213311
1138	0.2163261
1139	0.2118167
1140	0.2077913
1141	0.2042391
1142	0.2011478
1143	0.1985065
1144	0.1963042
1145	0.1945309
1146	0.1931781
1147	0.1922382
1148	0.1917053
1149	0.1915746
1150	0.1918428
1151	0.192508
1152	0.1935694
1153	0.1950277
1154	0.1968837
1155	0.19914
1156	0.2017985
1157	0.2048624
1158	0.208333
1159	0.2122122
1160	0.2165001
1161	0.2211933
1162	0.2262872
1163	0.2317706
1164	0.2376297
1165	0.243841
1166	0.2503761
1167	0.257194
1168	0.2642457
1169	0.271467
1170	0.2787839
1171	0.2861049
1172	0.2933287
1173	0.3003378
1174	0.3070068
1175	0.313203
1176	0.3187883
1177	0.3236302
1178	0.3276026
1179	0.3305971
1180	0.3325254
1181	0.3333783
1182	0.3332932
1183	0.3320603
1184	0.3297147
1185	0.3263214
1186	0.3219721
1187	0.3167776
1188	0.3108642
1189	0.3043634
1190	0.2974103
1191	0.2901344
1192	0.2826565
1193	0.2750891
1194	0.2675287
1195	0.2600613
1196	0.2527562
1197	0.2456728
1198	0.2388556
1199	0.2323413
1200	0.2261546
1201	0.2203148
1202	0.2148326
1203	0.2097156
1204	0.2049647
1205	0.2005798
1206	0.1965569
1207	0.1928903
1208	0.1895744
1209	0.1866015
1210	0.1839647
1211	0.181656
1212	0.1796688
1213	0.1779963
1214	0.1766326
1215	0.1755721
1216	0.1748103
1217	0.1743434
1218	0.1741683
1219	0.1742827
1220	0.1746854
1221	0.1753756
1222	0.1763536
1223	0.1776198
1224	0.1791761
1225	0.1810237
1226	0.1831652
1227	0.1856025
1228	0.1883383
1229	0.191374
1230	0.1947119
1231	0.1983515
1232	0.2022931
1233	0.2065333
1234	0.2110684
1235	0.2158898
1236	0.2209875
1237	0.2263453
1238	0.2319435
1239	0.2377571
1240	0.2438227
1241	0.2504416
1242	0.2571751
1243	0.2639704
1244	0.2707631
1245	0.2774838
1246	0.2840525
1247	0.2903857
1248	0.2963928
1249	0.3019833
1250	0.3070646
1251	0.3115503
1252	0.3153588
1253	0.3184206
1254	0.3206797
1255	0.3220957
1256	0.3226471
1257	0.3223316
1258	0.321166
1259	0.3191858
1260	0.3164421
1261	0.3130008
1262	0.3089369
1263	0.3043342
1264	0.2992787
1265	0.2938593
1266	0.2881606
1267	0.2822658
1268	0.2762504
1269	0.2701831
1270	0.2641269
1271	0.2581336
1272	0.2522522
1273	0.2465204
1274	0.2409715
1275	0.2356302
1276	0.2305181
1277	0.2256496
1278	0.221037
1279	0.2166873
1280	0.2126062
1281	0.2087956
1282	0.2052566
1283	0.2019877
1284	0.1989877
1285	0.1962535
1286	0.1937815
1287	0.1915686
1288	0.1896107
1289	0.1879044
1290	0.1864457
1291	0.1852316
1292	0.1842588
1293	0.1835247
1294	0.1830268
1295	0.1827636
1296	0.1827334
1297	0.1829354
1298	0.1833692
1299	0.1840348
1300	0.1849326
1301	0.1860637
1302	0.1874292
1303	0.1890311
1304	0.1908711
1305	0.1929516
1306	0.1952539
1307	0.1977988
1308	0.2005907
1309	0.2036324
1310	0.2069252
1311	0.2104712
1312	0.2142702
1313	0.218323
1314	0.2226273
1315	0.2271806
1316	0.231979
1317	0.2370145
1318	0.242279
1319	0.2477591
1320	0.2534406
1321	0.2593029
1322	0.2653238
1323	0.2714743
1324	0.2777228
1325	0.2840304
1326	0.2903555
1327	0.2966488
1328	0.3028591
1329	0.308928
1330	0.3147963
1331	0.3203996
1332	0.3256738
1333	0.3305552
1334	0.3349799
1335	0.3388899
1336	0.3422305
1337	0.3449558
1338	0.3470275
1339	0.3484185
1340	0.349112
1341	0.3491033
1342	0.3483996
1343	0.3470193
1344	0.344992
1345	0.342356
1346	0.3391588
1347	0.3354531
1348	0.3312962
1349	0.3267497
1350	0.3218741
1351	0.3167298
1352	0.3113777
1353	0.3058757
1354	0.3002761
1355	0.2946291
1356	0.2889779
1357	0.2833639
1358	0.2778207
1359	0.2723803
1360	0.2670673
1361	0.2619059
1362	0.2569127
1363	0.252102
1364	0.2474868
1365	0.2430753
1366	0.2388752
1367	0.2348904
1368	0.231125
1369	0.2275799
1370	0.2242565
1371	0.2211536
1372	0.218271
1373	0.2156062
1374	0.213158
1375	0.2109233
1376	0.2089003
1377	0.2070858
1378	0.2053427
1379	0.203597
1380	0.2020583
1381	0.200724
1382	0.199591
1383	0.1986567
1384	0.1979187
1385	0.197375
1386	0.1970238
1387	0.1968635
1388	0.1968929
1389	0.1971111
1390	0.1975174
1391	0.1981114
1392	0.1988932
1393	0.1998625
1394	0.2010198
1395	0.2023657
1396	0.2039005
1397	0.2056252
1398	0.2075402
1399	0.2096467
1400	0.2119449
1401	0.2144357
1402	0.2171189
1403	0.2199951
1404	0.2230632
1405	0.2263228
1406	0.2297715
1407	0.2334076
1408	0.2372268
1409	0.2412248
1410	0.2453962
1411	0.2497321
1412	0.2542245
1413	0.2588614
1414	0.2636307
1415	0.2685156
1416	0.2734993
1417	0.2785601
1418	0.2836756
1419	0.2888185
1420	0.2939608
1421	0.2990713
1422	0.3041152
1423	0.3090543
1424	0.3138502
1425	0.3184629
1426	0.3228496
1427	0.3269691
1428	0.3307787
1429	0.3342389
1430	0.3373102
1431	0.3399581
1432	0.3421503
1433	0.3438606
1434	0.345067
1435	0.3457549
1436	0.3459151
1437	0.345546
1438	0.3446522
1439	0.3432453
1440	0.3413432
1441	0.3389695
1442	0.3361524
1443	0.3329255
1444	0.3293242
1445	0.3253882
1446	0.321157
1447	0.3166725
1448	0.3119751
1449	0.3071058
1450	0.3021026
1451	0.2970038
1452	0.291843
1453	0.2866538
1454	0.2814647
1455	0.2763037
1456	0.2711943
1457	0.2661573
1458	0.2612125
1459	0.256338
1460	0.2515195
1461	0.2468367
1462	0.2423002
1463	0.2379165
1464	0.2336927
1465	0.2296324
1466	0.2257396
1467	0.2220157
1468	0.2184628
1469	0.2150803
1470	0.2118688
1471	0.208827
1472	0.2059534
1473	0.2032468
1474	0.2007049
1475	0.1983258
1476	0.196107
1477	0.1940465
1478	0.1921414
1479	0.1903897
1480	0.1887887
1481	0.1873367
1482	0.1860309
1483	0.1848694
1484	0.1838501
1485	0.1829712
1486	0.1822309
1487	0.1816276
1488	0.18116
1489	0.1808269
1490	0.180627
1491	0.1805592
1492	0.1806231
1493	0.180818
1494	0.1811433
1495	0.181599
1496	0.1821846
1497	0.1829003
1498	0.1837459
1499	0.1847217
1500	0.1858277
1501	0.1870645
1502	0.188432
1503	0.1899307
1504	0.1915612
1505	0.1933233
1506	0.1952176
1507	0.1972438
1508	0.1994022
1509	0.2016921
1510	0.2041136
1511	0.2066651
1512	0.2093461
1513	0.2121544
1514	0.2150884
1515	0.2181448
1516	0.2213209
1517	0.2246118
1518	0.2280131
1519	0.2315192
1520	0.2351224
1521	0.2388156
1522	0.2425888
1523	0.2464325
1524	0.2503338
1525	0.2542808
1526	0.2582576
1527	0.2622494
1528	0.2662373
1529	0.2702036
1530	0.2741268
1531	0.2779844
1532	0.2817543
1533	0.2854136
1534	0.2889369
1535	0.2922998
1536	0.2954776
1537	0.2984445
1538	0.301177
1539	0.303651
1540	0.3058453
1541	0.3077417
1542	0.3093204
1543	0.3105652
1544	0.3114641
1545	0.3120073
1546	0.3121891
1547	0.3120068
1548	0.3114616
1549	0.3105579
1550	0.30931
1551	0.3077494
1552	0.3058638
1553	0.3036697
1554	0.3011865
1555	0.2984349
1556	0.2954378
1557	0.2922183
1558	0.2888012
1559	0.2852107
1560	0.2814718
1561	0.2776083
1562	0.2736443
1563	0.2696019
1564	0.2655033
1565	0.2613687
1566	0.2572167
1567	0.2530657
1568	0.2489311
1569	0.2448283
1570	0.2407699
1571	0.2367684
1572	0.2328336
1573	0.2289753
1574	0.2252009
1575	0.2215177
1576	0.2179309
1577	0.2144458
1578	0.2110659
1579	0.2077947
1580	0.2046341
1581	0.2015862
1582	0.1986523
1583	0.1958326
1584	0.1931282
1585	0.1905384
1586	0.1880632
1587	0.1857016
1588	0.1834531
1589	0.1813163
1590	0.1792903
1591	0.1773735
1592	0.1755648
1593	0.1738626
1594	0.1722655
1595	0.1707719
1596	0.1693807
1597	0.1680901
1598	0.1668987
1599	0.1658054
1600	0.1648086
1601	0.1639072
1602	0.1630999
1603	0.1623856
1604	0.1617633
1605	0.1612321
1606	0.1607909
1607	0.160439
1608	0.1601756
1609	0.1600001
1610	0.159912
1611	0.1599107
1612	0.1599957
1613	0.1601669
1614	0.1604239
1615	0.1607666
1616	0.1611946
1617	0.1617083
1618	0.1623072
1619	0.1629918
1620	0.1637618
1621	0.1646176
1622	0.1655593
1623	0.1665871
1624	0.167701
1625	0.1689016
1626	0.1701886
1627	0.1715627
1628	0.1730235
1629	0.1745713
1630	0.1762064
1631	0.1779282
1632	0.1797369
1633	0.1816318
1634	0.1836128
1635	0.1856787
1636	0.1878294
1637	0.190063
1638	0.1923788
1639	0.1947744
1640	0.1972486
1641	0.1997988
1642	0.2024224
1643	0.2051156
1644	0.2078749
1645	0.2106965
1646	0.2135749
1647	0.2165054
1648	0.2194813
1649	0.2224966
1650	0.2255432
1651	0.2286138
1652	0.2316988
1653	0.2347896
1654	0.2378735
1655	0.2409417
1656	0.2439821
1657	0.2469832
1658	0.2499316
1659	0.2528143
1660	0.2556179
1661	0.2583278
1662	0.2609305
1663	0.2634109
1664	0.2657555
1665	0.2679499
1666	0.269981
1667	0.2718354
1668	0.2735013
1669	0.274967
1670	0.2762228
1671	0.2772567
1672	0.2780639
1673	0.2786383
1674	0.2789756
1675	0.2790729
1676	0.2789293
1677	0.2785454
1678	0.2779236
1679	0.277068
1680	0.2759844
1681	0.2746825
1682	0.2731683
1683	0.2714515
1684	0.2695431
1685	0.2674549
1686	0.2651997
1687	0.2627905
1688	0.2602412
1689	0.2575654
1690	0.2547774
1691	0.2518911
1692	0.24892
1693	0.245878
1694	0.2427777
1695	0.2396322
1696	0.236453
1697	0.2332521
1698	0.2300396
1699	0.2268262
1700	0.2236206
1701	0.2204308
1702	0.2172655
1703	0.2141325
1704	0.2110376
1705	0.2079873
1706	0.2049865
1707	0.2020395
1708	0.199151
1709	0.1963238
1710	0.1935616
1711	0.1908668
1712	0.1882415
1713	0.185687
1714	0.1832051
1715	0.1807965
1716	0.1784625
1717	0.176203
1718	0.1740189
1719	0.1719099
1720	0.1698763
1721	0.1679175
1722	0.1660335
1723	0.1642236
1724	0.1624872
1725	0.1608238
1726	0.1592326
1727	0.1577129
1728	0.1562638
1729	0.1548847
1730	0.1535745
1731	0.1523324
1732	0.1511575
1733	0.1500491
1734	0.1490062
1735	0.148028
1736	0.1471136
1737	0.1462623
1738	0.1454733
1739	0.1447457
1740	0.144079
1741	0.1434726
1742	0.1429257
1743	0.1424376
1744	0.1420079
1745	0.1416358
1746	0.1413211
1747	0.1410631
1748	0.1408615
1749	0.1407159
1750	0.1406259
1751	0.1405911
1752	0.1406114
1753	0.1406864
1754	0.1408162
1755	0.1410004
1756	0.1412391
1757	0.141532
1758	0.1418791
1759	0.1422803
1760	0.1427358
1761	0.1432454
1762	0.1438094
1763	0.1444275
1764	0.1451
1765	0.1458269
1766	0.1466084
1767	0.1474444
1768	0.1483353
1769	0.1492809
1770	0.1502813
1771	0.1513369
1772	0.1524529
1773	0.1536257
1774	0.1548533
1775	0.1561362
1776	0.1574738
1777	0.1588664
1778	0.1603134
1779	0.1618148
1780	0.1633699
1781	0.1649789
1782	0.1666405
1783	0.1683546
1784	0.1701198
1785	0.1719353
1786	0.1738004
1787	0.1757132
1788	0.1776727
1789	0.1796767
1790	0.1817238
1791	0.1838113
1792	0.1859375
1793	0.1880991
1794	0.1902937
1795	0.1925176
1796	0.1947679
1797	0.1970402
1798	0.199331
1799	0.2016351
1800	0.2039483
1801	0.2062643
1802	0.2085784
1803	0.2108854
1804	0.2131786
1805	0.2154523
1806	0.2176992
1807	0.2199131
1808	0.2220863
1809	0.2242121
1810	0.2262823
1811	0.228292
1812	0.2302312
1813	0.2320927
1814	0.2338684
1815	0.2355514
1816	0.2371337
1817	0.2386086
1818	0.2399694
1819	0.2412094
1820	0.2423227
1821	0.2433037
1822	0.2441476
1823	0.2448498
1824	0.2454069
1825	0.2458157
1826	0.246074
1827	0.2461803
1828	0.2461338
1829	0.2459347
1830	0.2455838
1831	0.2450802
1832	0.2444288
1833	0.2436327
1834	0.2426959
1835	0.2416225
1836	0.2404178
1837	0.2390872
1838	0.2376368
1839	0.236073
1840	0.2344027
1841	0.2326347
1842	0.2307745
1843	0.2288291
1844	0.2268063
1845	0.2247132
1846	0.2225578
1847	0.2203471
1848	0.2180883
1849	0.2157888
1850	0.2134551
1851	0.2110943
1852	0.2087124
1853	0.2063158
1854	0.20391
1855	0.2015008
1856	0.1990931
1857	0.196692
1858	0.1943017
1859	0.1919269
1860	0.1895709
1861	0.1872369
1862	0.1849287
1863	0.1826497
1864	0.1804023
1865	0.1781888
1866	0.1760118
1867	0.1738727
1868	0.1717737
1869	0.1697158
1870	0.1677007
1871	0.1657295
1872	0.1638031
1873	0.1619217
1874	0.1600865
1875	0.1582974
1876	0.1565553
1877	0.1548599
1878	0.1532119
1879	0.151611
1880	0.1500572
1881	0.1485505
1882	0.1470906
1883	0.1456774
1884	0.1443106
1885	0.1429899
1886	0.1417148
1887	0.1404852
1888	0.1393004
1889	0.1381602
1890	0.1370639
1891	0.1360114
1892	0.1350019
1893	0.1340352
1894	0.1331106
1895	0.1322277
1896	0.1313861
1897	0.1305851
1898	0.1298245
1899	0.1291037
1900	0.1284222
1901	0.1277796
1902	0.1271755
1903	0.1266094
1904	0.126081
1905	0.1255898
1906	0.1251356
1907	0.124718
1908	0.1243361
1909	0.1239898
1910	0.1236792
1911	0.1234039
1912	0.1231638
1913	0.1229584
1914	0.1227875
1915	0.122651
1916	0.1225486
1917	0.1224801
1918	0.1224454
1919	0.1224444
1920	0.1224768
1921	0.1225424
1922	0.1226413
1923	0.1227734
1924	0.1229385
1925	0.1231367
1926	0.1233679
1927	0.123632
1928	0.1239291
1929	0.1242591
1930	0.1246221
1931	0.125018
1932	0.1254468
1933	0.1259086
1934	0.1264035
1935	0.1269312
1936	0.1274921
1937	0.128086
1938	0.1287133
1939	0.1293735
1940	0.130067
1941	0.1307937
1942	0.1315537
1943	0.1323473
1944	0.133174
1945	0.1340341
1946	0.1349275
1947	0.1358544
1948	0.1368143
1949	0.1378074
1950	0.1388336
1951	0.1398929
1952	0.1409848
1953	0.1421092
1954	0.143266
1955	0.1444551
1956	0.1456756
1957	0.1469275
1958	0.1482102
1959	0.1495232
1960	0.1508664
1961	0.152238
1962	0.153638
1963	0.1550656
1964	0.1565202
1965	0.1580001
1966	0.1595046
1967	0.1610326
1968	0.1625832
1969	0.1641541
1970	0.1657443
1971	0.1673529
1972	0.1689774
1973	0.1706164
1974	0.172267
1975	0.1739276
1976	0.1755958
1977	0.1772697
1978	0.1789458
1979	0.1806219
1980	0.1822952
1981	0.1839619
1982	0.1856191
1983	0.1872643
1984	0.1888939
1985	0.1905051
1986	0.1920935
1987	0.1936558
1988	0.1951884
1989	0.1966875
1990	0.1981497
1991	0.1995722
1992	0.2009499
1993	0.2022789
1994	0.2035559
1995	0.2047762
1996	0.2059366
1997	0.2070336
1998	0.2080638
1999	0.2090235
2000	0.2099096
2001	0.2107172
2002	0.2114456
2003	0.212092
2004	0.2126541
2005	0.2131301
2006	0.213518
2007	0.2138167
2008	0.2140246
2009	0.2141411
2010	0.2141656
2011	0.2141003
2012	0.2139429
2013	0.213694
2014	0.2133542
2015	0.2129248
2016	0.212407
2017	0.2118027
2018	0.2111136
2019	0.2103422
2020	0.2094908
2021	0.20856
2022	0.2075551
2023	0.206479
2024	0.2053348
2025	0.2041264
2026	0.2028569
2027	0.2015301
2028	0.2001494
2029	0.198719
2030	0.1972424
2031	0.195725
2032	0.1941686
2033	0.1925774
2034	0.1909548
2035	0.1893043
2036	0.1876296
2037	0.1859338
2038	0.1842208
2039	0.1824936
2040	0.1807552
2041	0.1790072
2042	0.1772544
2043	0.1754991
2044	0.1737441
2045	0.1719915
2046	0.1702442
2047	0.1685042
2048	0.1667735
2049	0.1650537
2050	0.1633473
2051	0.1616564
2052	0.1599818
2053	0.1583248
2054	0.1566864
2055	0.1550686
2056	0.1534721
2057	0.1518978
2058	0.1503464
2059	0.1488194
2060	0.147317
2061	0.1458395
2062	0.1443878
2063	0.1429627
2064	0.1415646
2065	0.1401936
2066	0.1388502
2067	0.137534
2068	0.1362459
2069	0.1349858
2070	0.1337539
2071	0.1325502
2072	0.1313749
2073	0.1302278
2074	0.1291088
2075	0.1280176
2076	0.1269546
2077	0.1259194
2078	0.1249119
2079	0.1239317
2080	0.1229789
2081	0.1220533
2082	0.1211546
2083	0.1202826
2084	0.1194369
2085	0.1186177
2086	0.1178245
2087	0.1170571
2088	0.1163151
2089	0.1155985
2090	0.114907
2091	0.1142402
2092	0.1135979
2093	0.1129799
2094	0.1123859
2095	0.1118158
2096	0.1112691
2097	0.1107457
2098	0.1102455
2099	0.1097681
2100	0.1093133
2101	0.108881
2102	0.1084709
2103	0.1080828
2104	0.1077165
2105	0.1073718
2106	0.1070485
2107	0.1067465
2108	0.1064655
2109	0.1062054
2110	0.105966
2111	0.1057471
2112	0.1055486
2113	0.1053704
2114	0.1052124
2115	0.1050743
2116	0.1049562
2117	0.1048579
2118	0.1047793
2119	0.1047203
2120	0.1046808
2121	0.1046608
2122	0.1046602
2123	0.1046788
2124	0.1047166
2125	0.1047736
2126	0.1048497
2127	0.1049448
2128	0.1050589
2129	0.105192
2130	0.105344
2131	0.1055149
2132	0.1057046
2133	0.1059132
2134	0.1061407
2135	0.1063871
2136	0.1066523
2137	0.1069363
2138	0.1072392
2139	0.107561
2140	0.1079017
2141	0.1082612
2142	0.1086396
2143	0.1090371
2144	0.1094533
2145	0.1098884
2146	0.1103424
2147	0.1108154
2148	0.1113075
2149	0.1118184
2150	0.1123483
2151	0.1128971
2152	0.1134652
2153	0.114052
2154	0.1146578
2155	0.1152825
2156	0.1159264
2157	0.116589
2158	0.1172704
2159	0.1179707
2160	0.1186897
2161	0.1194274
2162	0.1201834
2163	0.1209579
2164	0.1217507
2165	0.122562
2166	0.1233911
2167	0.1242382
2168	0.1251029
2169	0.1259853
2170	0.1268848
2171	0.1278012
2172	0.1287344
2173	0.1296843
2174	0.1306499
2175	0.1316313
2176	0.1326279
2177	0.1336394
2178	0.1346656
2179	0.1357054
2180	0.1367585
2181	0.137825
2182	0.1389039
2183	0.139994
2184	0.141095
2185	0.142206
2186	0.1433265
2187	0.1444552
2188	0.1455913
2189	0.146734
2190	0.1478826
2191	0.1490345
2192	0.1501898
2193	0.1513472
2194	0.1525057
2195	0.1536642
2196	0.1548208
2197	0.1559746
2198	0.157124
2199	0.158268
2200	0.1594045
2201	0.1605334
2202	0.161652
2203	0.1627591
2204	0.1638524
2205	0.1649304
2206	0.1659916
2207	0.1670341
2208	0.1680565
2209	0.1690566
2210	0.1700327
2211	0.1709817
2212	0.1719034
2213	0.1727956
2214	0.1736569
2215	0.1744854
2216	0.1752799
2217	0.1760381
2218	0.1767587
2219	0.1774402
2220	0.1780812
2221	0.17868
2222	0.1792353
2223	0.1797459
2224	0.1802107
2225	0.1806286
2226	0.1809983
2227	0.1813192
2228	0.1815903
2229	0.1818112
2230	0.181981
2231	0.1821014
2232	0.1821701
2233	0.1821868
2234	0.1821515
2235	0.1820641
2236	0.1819248
2237	0.181734
2238	0.1814918
2239	0.181199
2240	0.1808561
2241	0.1804618
2242	0.1800189
2243	0.1795286
2244	0.1789917
2245	0.1784095
2246	0.177783
2247	0.1771137
2248	0.1764029
2249	0.1756521
2250	0.1748627
2251	0.1740363
2252	0.1731746
2253	0.1722791
2254	0.1713515
2255	0.1703952
2256	0.169411
2257	0.1683998
2258	0.1673633
2259	0.1663032
2260	0.1652213
2261	0.1641209
2262	0.1630019
2263	0.1618659
2264	0.1607149
2265	0.1595504
2266	0.1583738
2267	0.1571866
2268	0.1559907
2269	0.1547873
2270	0.1535779
2271	0.1523626
2272	0.1511438
2273	0.1499233
2274	0.1487019
2275	0.1474809
2276	0.1462612
2277	0.1450444
2278	0.1438311
2279	0.1426225
2280	0.1414191
2281	0.1402224
2282	0.1390329
2283	0.1378513
2284	0.1366783
2285	0.1355149
2286	0.1343616
2287	0.1332189
2288	0.1320874
2289	0.1309675
2290	0.1298599
2291	0.1287656
2292	0.1276842
2293	0.1266161
2294	0.1255618
2295	0.1245215
2296	0.1234956
2297	0.122484
2298	0.1214873
2299	0.1205056
2300	0.119539
2301	0.1185873
2302	0.1176509
2303	0.1167302
2304	0.1158251
2305	0.1149356
2306	0.1140618
2307	0.1132038
2308	0.1123617
2309	0.1115353
2310	0.1107245
2311	0.1099296
2312	0.1091504
2313	0.1083869
2314	0.1076389
2315	0.1069066
2316	0.1061898
2317	0.1054884
2318	0.1048023
2319	0.1041313
2320	0.1034756
2321	0.102835
2322	0.1022094
2323	0.1015984
2324	0.1010024
2325	0.1004209
2326	0.099854
2327	0.0993014
2328	0.0987632
2329	0.0982392
2330	0.0977292
2331	0.0972331
2332	0.0967508
2333	0.0962823
2334	0.0958273
2335	0.0953858
2336	0.0949576
2337	0.0945426
2338	0.0941407
2339	0.0937519
2340	0.0933758
2341	0.0930126
2342	0.0926621
2343	0.0923241
2344	0.0919986
2345	0.0916854
2346	0.0913845
2347	0.0910957
2348	0.090819
2349	0.0905541
2350	0.0903012
2351	0.0900601
2352	0.0898306
2353	0.0896126
2354	0.0894063
2355	0.0892113
2356	0.0890277
2357	0.0888553
2358	0.0886942
2359	0.0885441
2360	0.0884051
2361	0.0882771
2362	0.0881599
2363	0.0880537
2364	0.0879582
2365	0.0878735
2366	0.0877994
2367	0.0877361
2368	0.0876833
2369	0.087641
2370	0.0876093
2371	0.0875882
2372	0.0875774
2373	0.087577
2374	0.087587
2375	0.0876074
2376	0.087638
2377	0.0876788
2378	0.08773
2379	0.0877913
2380	0.0878628
2381	0.0879444
2382	0.0880363
2383	0.0881383
2384	0.0882504
2385	0.0883725
2386	0.0885048
2387	0.0886473
2388	0.0887997
2389	0.0889622
2390	0.0891348
2391	0.0893175
2392	0.0895102
2393	0.0897129
2394	0.0899257
2395	0.0901486
2396	0.0903815
2397	0.0906245
2398	0.0908775
2399	0.0911405
2400	0.0914137
